title,company,location,date,url,department,workplace_type,description
טבח/ית,מרכז רפואי לשיקום לוינשטיין,רעננה,2026-06-17,https://jobs.clalitapps.co.il/clalit/redmatch-apply/redmatch.apply.html?compPositionID=48668,אחזקה ולוגיסטיקה,,"למרכז רפואי לשיקום לוינשטיין דרוש/ה טבח/ית העבודה במשרה מלאה כחלק מצוות בכפיפות למנהל מערך המזון ימים א'-ה', בין השעות 07:00-15:00 עם נכונות לשעות נוספות תיאור התפקיד : ביצוע עבודות בישול מקצועיות במטבח בית החולים קבלת מצרכי מזון להכנה בהתאם לתפריט היומי רגיל דיאטה ומיוחד הכנת התפריט בהתאם למתכונים נתונים במסגרת צוות בישול ובתיאום עם הטבח הבכיר הקפדה על איכות הבישול כללי הניקיון, תברואה , היגיינה בטיחות וכשרות בכל שלביה העברת המזון המוכן לכלים מתאימים לשם חלוקתו הכנת ציוד הבישול הנייח לשטיפה והעברת שאר הציוד לחדר שטיפה שותפות בארגון ותפעול אירועים וכיבודים בכלל בית החולים מילוי תפקידים נוספים בתחום המקצועי לפי הוראות הממונה דרישות התפקיד : 10 שנות לימוד בוגר/ת בי""ס מוסמך לטבחים ו/או קורסים מקבילים מוכרים - סוג 1 ידע נרחב בתחום המקצועי - ניסיון קודם של שנתיים ומעלה במטבח מוסדי יחסי עבודה ואנוש טובים, יכולת עבודה בצוות ידיעת השפה העברית היכרות עם שימוש במחשב * תינתן עדיפות למועמדים/ות עם מוגבלויות"
פסיכיאטר/ית,מחוז צפון,בית שאן,2026-06-17,https://jobs.clalitapps.co.il/clalit/redmatch-apply/redmatch.apply.html?compPositionID=48824,פסיכולוגיה,,"למרכז בריאות הנפש בית שאן דרוש/ה פסיכיאטר/ית לניהול מרפאה לתפקיד מאתגר תיאור התפקיד: ניהול צוות רב-מקצועי של מרפאת ברה""נ מבוגרים שהיא חלק ממערך ברה""נ מחוזי משגשג ביצוע אבחון פסיכיאטרי וגיבוש תכניות טיפול בשיתוף הדוק עם הצוות הרב-מקצועי של מרפאת ברה""נ קשרי עבודה עם מטפלים של מרפאת ברה""נ ועם גורמים שונים בקהילה השתתפות בישיבות ודיונים בנושאים מקצועיים ביצוע פעילות אקדמית של הדרכה ומחקר במסגרת הקהילה ומוסדות אקדמאיים לפי הצורך אפשרות לקידום פרויקטים אישיים והתפתחות מקצועית ביצוע מטלות נוספות בתחום המקצועי, בהתאם להנחיות הממונה דרישות התפקיד: תואר M.D ברפואה רישיון עיסוק ברפואה תעודת מומחה/ית בפסיכיאטריה הכרת החוקים, התקנות והנהלים הרלוונטיים מקצוענות אבחנתית וביצועית יכולת שיתוף פעולה בצוות תקשורת בין אישית טובה שליטה בשפה עברית ואנגלית (קריאת ספרות מקצועית) *תינתן עדיפות למועמדים/ות עם מוגבלויות"
מנהל/ת פרויקטים בתחום האחזקה,מרכז רפואי לשיקום לוינשטיין,רעננה,2026-06-16,https://jobs.clalitapps.co.il/clalit/redmatch-apply/redmatch.apply.html?compPositionID=49763,אחזקה ולוגיסטיקה,,"למרכז רפואי לשיקום לוינשטיין דרוש/ה מנהל פרויקטים באחזקה, העבודה כחלק מצוות בכפיפות למנהל האחזקה משרה מלאה: ימים א'-ה', 08:00-16:00 תיאור התפקיד: ריכוז, תכנון וביצוע בקרה על הכנה, יישום וביצוע תוכניות העבודה של מחלקת שירותים טכניים והאחזקה במרכז הרפואי שותפות בגיבוש ויישום מדדים ויעדים של מחלקת שירותים טכניים והאחזקה במוסד בקרה תקציבית, ריכוז כתיבה והטמעה של נהלים ותהליכי עבודה של המחלקה אחריות לריכוז מערך האיכות במחלקה תכנון וביצוע בקרה על תהליכים ופעולות ""הייצור"" של צוותי האחזקה על בסיס נהלים ומדדים שנקבעו הקמה ואחזקה של תשתית מערכת ה-SAP לצורך ניהול רצפת הייצור של מחלקה ריכוז פעילות, הפעלה וניתוח נתונים ויישומים במערך SAP אחזקה בקרה על שימוש אופטימאלי במשאבי מחלקת שירותים טכניים ואחזקה וטיפול בהתקשרויות מול קבלנים וספקי שירות ריכוז נושא מכרזים במחלקה ריכוז נושאי נהלים, ידע, הכשרה/קורסים בתחום השירותים הטכניים והאחזקה קשרי עבודה עם גורמי או""ש בארגון ומחוץ לארגון בכל הקשור לתהליכי עבודה של מחלקת שירותים טכניים ואחזקה ניהול אישורים וביקורת למול הרשות לכבאות והצלה אחריות על בטיחות האש יחד עם ממונה הבטיחות בארגון בכל היחידות ומתקני ביה""ח. כולל ייעוץ, כתיבת נהלים והנחיות, הכנת חוות דעת, טיפול בהיתרים, הדרכות והכשרות, בנית תוכנית בטיחות אש, מעקב ובקרה וביצוע מטלות נוספות בהתאם לדרישות הממונה וצרכי הארגון דרישות התפקיד: השכלה אקדמית- תואר ראשון בהנדסה תעשייה וניהול תעודת הסמכה מוכרת ומאושרת כממונה אש מטעם מוסד מוכר ומאושר ע""י מפקח עבודה ראשי במשרד העבודה ניסיון קודם של 3-4 שנים בתחום ייצור/תהליכי עבודה במוסד תהליכי היכרות וידע מקצועי בתחום הפעלה וניתוח נתונים ממערך SAP PM+ תוכנת office יחסי אנוש טובים שליטה טובה בעברית ובאנגלית *תינתן עדיפות למועמדים/ות עם מוגבלויות"
משרת ניסיון,כללית,ישראל,2026-06-16,https://jobs.clalitapps.co.il/clalit/redmatch-apply/redmatch.apply.html?compPositionID=49213,אחים ואחיות,,"כפיפות למנהל/ת האֲחָיוּת ביחידה להמשך טיפול ומעקב תיאור התפקיד: שותפות בצוות היחידה בהכנת תכנית עבודה שנתית, תוך קביעת יעדים מדידים, מעקב בקרה וסיכום מתן מענה מקצועי לבעיות, טיפול בחריגים השתתפות בישיבות צוות שותפות בהפעלה אפקטיבית של הצוות הרב מקצועי למעקב אחר יישום תכניות טיפול לחולים שבאחריות היחידה יישם והטמעת נהלים והנחיות מקצועיות ביחידה, בהתאם למדיניות המחוז, הארגון ומשרד הבריאות מהווה משאב מקצועי, הנחייה וייעוץ לצוות מרפאות ראשוניות בנושאים של טיפול ביתי ומצבי חולי מורכבים ניהול קשרים וממשקים עם צוותי המרפאות הראשוניות ומחלקות בתי חולים, אחריות להטמעה וליישום של טכנולוגיות טיפול מתקדמות ע""י צוות האֲחָיוּת בטיפול ביתי אחריות לשמירה על רצף טיפול בי""ח-קהילה, לתיאום הספקת מידע ושירותים נדרשים יוזמה לשיפורים וחידושים בפעילות הסיעוד ביחידה (בשיתוף הממונים) לרבות הפעלה של פרויקטים, אחריות לתיעוד ודיווח של מידע סיעודי ומנהלי למנהלי האֲחָיוּת, ביצוע טיפול סיעודי בחולים שבאחריות היחידה דרישות התפקיד : השכלה בסיעוד - בוגר/ת בית ספר לסיעוד, רצוי תואר שני מוכר לסיעוד: תואר באֲחָיוּת או בניהול מערכות בריאות. רצוי קורס על בסיסי רלבנטי ליחידה (גריאטריה, אונקולוגיה, רפואה ראשונית) רישוי עבודה כאח/ות מוסמכ/ת (תעודת רישום) ניסיון קודם של 5 שנים במקצוע ולפחות שנה בקהילה ידע עדכני נרחב בתחום המקצועי ידיעת החוקים והתקנות הרלבנטיים לקהילה ידיעת השפה העברית על בורייה, שליטה בשפה האנגלית (כדי קריאת ספרות מקצועית) יחסי אנוש תקינים יכולת הדרכה והנחיה *תינתן עדיפות למועמדים/ות עם מוגבלויות"
פקיד/ת מוקד תפעולי,מחוז חיפה וגליל מערבי,חיפה,2026-06-16,https://jobs.clalitapps.co.il/clalit/redmatch-apply/redmatch.apply.html?compPositionID=49575,מנהל ומטה,,"דרוש/ה פקיד/ה למוקד תפעולי בחיפה שעות עבודה: 8:00-16:00, נדרשת נכונות למשמרות ערב תיאור התפקיד: ניהול, בנייה ושינוי יומני רופאים ומטפלים במערכת זימון תורים ע""פ הסכמי שכר ונהלי עבודה מתן מענה ותמיכה בנושאי יומנים ותורים לגורמים שונים במחוז (מרפאות, מטפלים, מוקד אחיות, כללית -כל וכד') מתן תמיכה למוקד *2700 וסיוע בזימון תורים בקרה על הקלדות שירותים פרא-רפואיים ושל השירות בכללית-כל, ביצוע תיוק, התרות הצמדה והקלדות משלימות דרישות התפקיד: השכלה תיכונית - תעודת בגרות - חובה ניסיון אדמיניסטרטיבי - חובה, עדיפות בתחום בריאות הקהילה ידע בסיסי בשימוש במחשב והכרת מערכות רלוונטיות ידע בהפעלת ציוד המוקד ידיעה טובה של השפה העברית רצויה ידיעה (הבנה ודיבור) של שפות נוספות (אנגלית, רוסית, ערבית) *תינתן עדיפות למועמדים/ות עם מוגבלויות"
מזכיר/ה,מרכז רפואי לשיקום לוינשטיין,רעננה,2026-06-16,https://jobs.clalitapps.co.il/clalit/redmatch-apply/redmatch.apply.html?compPositionID=49773,מנהל ומטה,,"למרכז רפואי לשיקום לוינשטיין דרוש/ה מזכיר/ה לאיוש עמדת קבלה במחלקות בית החולים או בקבלה הראשית, החלפה לחל""ד משרה מלאה, העסקה דרך גורם חוץ ימים א'-ה', שעות העבודה: 08:00-16:00 תיאור התפקיד : קבלת קהל- הכוונת קהל לפנים המחלקה, טיפול בהפניות למרפאות/אשפוז, מיונם והעברתם לרופאים הרלוונטיים קבלה אדמיניסטרטיבית של מטופלים חדשים ו/או תיאום תורים למרפאות טיפול בגביה תשלומים מהלקוחות אחריות לניהול וארגון עבודות המשרד - תיוק, סריקות, מענה טלפוני, טיפול בדואר נכנס ויוצא אינטראקציה עם קהל הפונים וקשר שוטף עם גורמי פנים של המרכז הרפואי ומחוצה לו מענה טלפוני עבודה מול ריבוי מערכות ממוחשבות במקביל גיבוי בעמדות הקבלה במחלקות ובמרפאות השונות דרישות התפקיד : תעודת בגרות - חובה (השכלה אקדמית בניהול מערכות בריאות/ תעודת מזכירות רפואית- יתרון) שליטה מלאה בתוכנות office (excel + power point) יחסי אנוש ברמה גבוהה כושר הבעה בכתב ובע""פ, שליטה בשפה העברית שפה נוספת - יתרון *תינתן עדיפות למועמדים/ות עם מוגבלויות"
אחראי/ת מחסן חדר ניתוח,מרכז שניידר לרפואת ילדים בישראל,פתח תקווה,2026-06-16,https://jobs.clalitapps.co.il/clalit/redmatch-apply/redmatch.apply.html?compPositionID=48607,אחזקה ולוגיסטיקה,,"למרכז הרפואי שניידר דרוש/ה אחראי/ת מחסן לחדר ניתוח ימים א'-ה', 8 שעות עבודה, 07:00/08:00-15:00/16:00 תיאור התפקיד: ניהול המחסן בצורה מקצועית ושירותית תוך בדיקה ושיפור שירותיות הצוות שיפור וייעול תהליכי העבודה במחסן והנחיית הצוות לעבודה עפ""י הנהלים, ריענון ועדכון בשינויים הנפקת סחורה עפ""י דרישה ובדיקת סבירות, הכנת שובר ניפוק ליקוט והעברת הסחורה עפ""י נהלים ובתיאום עם הרכש החתמת הלקוח על שוברי ניפוק וביצוע ניפוקי דלפק להשלמת חוסרים ניהול מלאי המחסן עפ""י נהלים מקצועיים, ביצוע בדיקות קבלה כמותיות איכותיות לתאימות ותקינות הסחורה הפרדת פריטים לא תקינים וביצוע ספירות מלאי מדגמיות ושנתיות, קיזוז והמרות מלאי בין מחסנים ועוד ארגון סחורה עפ""י נהלים וכללי בטיחות, סידור מדפים לפי איתור FIFO ושמירה על סדר, ניקיון ושמירת מעברים פנויים מתן שירות וביצוע בקרות במחלקות/יחידות לעדכון תקן פריטים הכרת הנהלים והוראות העבודה וביצועם כנדרש דרישות התפקיד : השכלה תיכונית + לימודי תעודה על תיכוניים בוגר/ת קורסים לניהול מחסן ממוחשב/ניהול שרשרת הספקה 3 שנות ניסיון בתחום ידיעה טובה של השפה העברית והשפה האנגלית ברמה בסיסית יכולת סדר וארגון תודעת שרות טובה *תינתן עדיפות למועמדים/ות עם מוגבלויות"
דימותן/ית,מרכז רפואי כרמל,מרכז רפואי כרמל- חיפה,2026-06-16,https://jobs.clalitapps.co.il/clalit/redmatch-apply/redmatch.apply.html?compPositionID=49772,רנטגן ודימות רפואית,,"למרכז הרפואי כרמל דרוש/ה דימותן/ית תיאור התפקיד: ביצוע פעולות דימות שונות בהתאם לצרכים הרפואיים הכנת הנבדק והמכשור לביצוע הפרוצדורה עיבוד נתוני הפרוצדורה במערכת הדיגיטלית והעברתם לארכיון PACS דיווח על ביצוע הבדיקה במערכת RIS ביצוע בדיקות שגרתיות למכשור, הבטחת תקינותו ופעילותו השוטפת וטיפול בתקלות קשר עם מטופלים ובני משפחותיהם, מתן הסבר על הפרוצדורה השתתפות בכנסים מקצועיים ובימי עיון בתחום הדימות השתתפות בצוות רב מקצועי וייצוג התחום מול בעלי מקצוע אחרים דרישות התפקיד : תואר ראשון בדימות רפואית או סיום לימודי הסבה לדימותנות במקום הכשרה מוכר לימודי רנטגנאות ודימות - במסגרת לימודי התואר הכרת השימוש במערכות מידע ממוחשבות שליטה מלאה בעברית ושליטה באנגלית כדי קריאת חומר מקצועי יחסי אנוש טובים יכולת עבודה בצוות גישה שירותית ואנושית למטופל *תינתן עדיפות למועמדים/ות עם מוגבלויות"
רופא/ה מומחה/ית בפסיכיאטריה - psychiatrist,מרכז רפואי כרמל,מרכז רפואי כרמל- חיפה,2026-06-16,https://jobs.clalitapps.co.il/clalit/redmatch-apply/redmatch.apply.html?compPositionID=49771,רפואה,,"לביה""ח כרמל דרוש/ה רופא/ה מומחה/ית בתחום הפסיכיאטריה לחצי משרה תיאור התפקיד: ביצוע אבחונים, גיבוש תוכניות טיפול ומתן טיפולים למטופלים במחלקה ו/או במרפאה במסגרת תחום המומחיות הנחייה והדרכה של המתמחים, הסטאז'רים והאחיות במסגרת המחלקה, בקרה על פעילותם וייעוץ מקצועי בתחום המומחיות אחריות מקצועית על צוות רופאים זוטרים או מתמחים במחלקה אחריות מקצועית על הטיפול בקבוצה של מטופלים במחלקה תיתכן אחריות על נושא או תחום מקצועי במסגרת המחלקה השתתפות בישיבות ובדיונים בנושאים מקצועיים או בנוגע למטופלים פרטניים השתתפות בוועדות שונות בבית החולים קשרי עבודה עם גורמים שונים בבית החולים ועם גורמי חוץ כגון אקדמיה, גורמי טיפול בקהילה ועוד קשרים עם מטופלים ובני משפחה לאיסוף ומתן של מידע רפואי טיפול בשחרור מטופלים שאושפזו במחלקה ביצוע פעילות אקדמית של הדרכה ומחקר במסגרת בית החולים בהיותו גם מוסד אקדמי התעדכנות מקצועית שוטפת באמצעות ספרות מקצועית, אינטרנט, כנסים, השתלמויות ועוד השתלבות במערך התורנויות והכוננויות במחלקה ובבית החולים בהתאם לתוכניות, הסכמים וצרכים עבודה בכפוף לחוקים ולתקנות ובהתאם לנהלים ו/או הנחיות עבודה של משרד הבריאות, הנהלת הכללית והנהלת בית החולים והמחלקה דרישות התפקיד : השכלה אקדמית - תואר M.D . ברפואה רישיון ישראלי לעסוק ברפואה תעודת מומחה מוכרת ידע מקצועי נרחב ועדכני בתחום הפעילות המקצועית (המומחיות) הכרת החוקים, התקנות והנהלים הרלוונטיים ידע בהפעלת מערכות מחשב רלוונטיות תקשורת בין אישית טובה ושיתוף פעולה בצוות יכולת טכנית (בהתמחויות מסויימות) *תינתן עדיפות למועמדים/ות עם מוגבלויות"
בדיקה פסיפס ירושלים,מחוז ירושלים,ישראל,2026-06-16,https://jobs.clalitapps.co.il/clalit/redmatch-apply/redmatch.apply.html?compPositionID=49003,רפואה,,בדיקה פסיפס ירושלים
פיזיותרפיסט/ית,מחוז ירושלים,ירושלים,2026-06-16,https://jobs.clalitapps.co.il/clalit/redmatch-apply/redmatch.apply.html?compPositionID=47256,פיזיותרפיה,,"תיאור התפקיד: לשירות הפיזיותרפיה של מחוז ירושלים דורשים/ות פיזיותרפיסטים/ות אם מקצוע הפיזיותרפיה יקר לליבך ומעניין אותך להוביל ולהיות חלק מצוות דינמי ואיכותי, ללמוד ולהתפתח התפקיד הזה מיועד לך העבודה במכוני הפיזיותרפיה של בירושלים ובית שמש ניתן לשלב גם עבודה ביחידה להמשך טיפול במסגרת שיקום\טיפול בית (שירות קנוי) דרישות התפקיד: תואר ראשון בפיזיותרפיה , רצוי תואר שני רישיון לעסוק בפיזיותרפיה - משרד הבריאות שליטה בשפה העברית ידיעת השפה האנגלית כדי קריאה וכתיבת ספרות מקצועית המקובלת בארץ יחסי אנוש טובים ויכולת עבודה בצוות יכולת הנחיית קבוצות טיפול הרצאות בימי בריאות וסדנאות והרצאות מקצועיות לציבור הרחב *תינתן עדיפות למועמדים/ות עם מוגבלויות"
עובד/ת סוציאלי/ת לבית חולים השרון,מרכז רפואי רבין,פתח תקווה,2026-06-16,https://jobs.clalitapps.co.il/clalit/redmatch-apply/redmatch.apply.html?compPositionID=47044,עבודה סוציאלית,,"לבית חולים השרון דורש/ה עובד/ת סוציאלי/ת למרכז יחידת סגולה היקף משרה: 75% תוכנית יחידות סגולה הנה תוכנית ייחודית לשיויון חברתי בשיתוף השירות הסוציאלי של בית החולים מטרתה: הנגשת זכויות לאזרחים ותיקים המאושפזים בבית החולים ובני משפחותיהם תיאור התפקיד: ניהול צוות מתנדבים - גיוס, הכשרה והפעלת מתנדבים לצד עבודה במחלקות האשפוז הפעלת מוקד טלפוני ניהול מערך דוחות ממוחשבים ועבודה בתיאום ובשיתוף פעולה מול השירות הסוציאלי בבית החולים עבודה פרטנית, משפחתית, עבודה בצוות רב מקצועי בבית החולים ניהול קשר אינטנסיבי עם גורמי קהילה כגון בטל""א, הקרן לרווחה לניצולי השואה, קופות חולים ועוד דרישות התפקיד: תואר ראשון בעבודה סוציאלית - חובה רישיון עיסוק בעבודה סוציאלית ניסיון של שנה לפחות בתחום העבודה הסוציאלית ניסיון בתחום הבריאות וניהול מתנדבים - יתרון משמעותי ידע בתחום הטיפול באזרחים וותיקים ומשפחותיהם - יתרון משמעותי יתרון לדוברי שפות נוספות *תינתן עדיפות למועמדים/ות עם מוגבלויות"
"מזכיר/ה רפואי/ת - מלר""ד",מרכז רפואי רבין,גוש דן,2026-06-16,https://jobs.clalitapps.co.il/clalit/redmatch-apply/redmatch.apply.html?compPositionID=47978,מנהל ומטה,,"למרכז הרפואי בלינסון דרוש/ה מזכיר/ה רפואי/ת תיאור התפקיד: טיפול אדמיניסטרטיבי בקבלה ובשחרור מטופלים דחופים המגיעים למלר""ד טיפול אדמיניסטרטיבי באשפוז מטופלים במחלקות בית החולים מתן שירות פרונטאלי וטלפוני בנושאים אדמיניסטרטיביים למטופלים ובני משפחותיהם תמיכה אדמיניסטרטיבית בצוות רפואי וסיעודי במחלקה קיום ממשקי עבודה עם כל יחידות בית החולים לצורך קידום הטיפול במטופל (מחלקות אשפוז, מרפאות חוץ, יחידות דימות, מעבדות, יחידת הסניטרים ועוד) טיפול בנושאים כספיים, גבייה והחזרים תיעוד ודיווח על פעולות שבוצעו במרפאה במערכות ממוחשבות עבודה משרדית שוטפת: הכנת תיקים, תיוק, סריקה, הנפקת מדבקות, טיפול בדואר, הזמנת ציוד דרישות התפקיד: תעודת בגרות מלאה תעודת מזכירות רפואית ניסיון בעבודת מזכירות בתחום הרפואה - יתרון שליטה מלאה בשפה העברית ידיעה של שפה נוספות - יתרון שליטה במחשב ובתוכנות Office כושר ארגון, תפעול וקידום תהליכים תודעת שירות גבוהה תקשורת בין אישית טובה ויכולת עבודה בצוות יכולת ביטוי טובה בעל פה ובכתב *תינתן עדיפות למועמדים/ות עם מוגבלויות"
סגן/ית גנן ראשי,מרכז רפואי רבין,גוש דן,2026-06-16,https://jobs.clalitapps.co.il/clalit/redmatch-apply/redmatch.apply.html?compPositionID=48006,אחזקה ולוגיסטיקה,,"לבית החולים בילינסון דרוש/ה סגן/ית גנן ראשי סיוע למנהל שרותי חצר במרכז הרפואי בניהול, פיקוח ובקרה על כל עבודות הגינון והאחזקה של חצרות המרכז הרפואי בעבודה עצמית ובעזרת צוות עובדים כפיפות: מנהל שירותי חצר ומנהל משק חצר וגן היקף משרה : 100% תאור התפקיד : סיוע למנהל ב: תכנון וארגון עבודת החצרנים פיקוח על סדרי העבודה ועל הניקיון ביחידות ע""י סיורים וביקורות פיקוח על עבודת החצרנים והגננים ווידוא ביצוע על פי ההוראות פינוי אשפה וקרטונים מכל המחלקות המכונים והיחידות פינוי חומרים מסוכנים מכל המחלקות המכונים והיחידות העברת חפצים וציוד לתיקון למחלקת האחזקה מכל יחידות ביה "" ח פינוי מסמכים תיקים וניירת להשמדה עבודות שינוע וסבלות בביה""ח על פי הצורך יישום והקפדה על נהלי הבטיחות בעבודות הגינון מעקב אחרי צמחיה סיוע למנהל בקליטת עובדים חדשים אחריות על ניקיון ותחזוקת החניונים והמרתפים בשטחי המרכז הרפואי אחריות על החלפת דגלים בשטחי המרכז הרפואי בהתאם לצורך תוך הקפדה על מראה ייצוגי ותקין אחריות על ניקיון החצרות בדירות שירות אחריות על איתור, דיווח וטיפול במפגעים בטיחותיים בחצר ובחניונים עבודה מול ספקי ונותני שירותי חוץ דרישות התפקיד: השכלה 12 שנות לימוד תעודת הסמכה גינון סוג 1 בגרות מלאה - יתרון ניסיון מעשי של 3 שנים לפחות בניהול חצר וצוות עובדים ידע מקצועי בתחום שתילים, דישון והשקיה יכולת ניהול, תיאום ופיקוח על מספר משימות במקביל יחסי עבודה ויחסי אנוש תקינים אחריות, יוזמה ויכולת קבלת החלטות בשטח כושר הבעה בכתב ובע""פ *תינתן עדיפות למועמדים/ות עם מוגבלויות"
ראש צוות משק וניקיון,מרכז רפואי רבין,גוש דן,2026-06-16,https://jobs.clalitapps.co.il/clalit/redmatch-apply/redmatch.apply.html?compPositionID=48229,אחזקה ולוגיסטיקה,,"למרכז הרפואי בילינסון דרוש/ה ראש צוות משק וניקיון היקף משרה :100% תיאור התפקיד: ניהול, פיקוח ובקרה על סדרי העבודה והניקיון באמצעות סיורים וביקורות הכוונה והדרכת העובדים הכפופים בתחומי המשק והניקיון ניהול יומני עבודה של העובדים הכפופים למשק והניקיון ניהול יומני עבודה של עבודות ניקיון שוטפות ויסודיות טיפול בפניות ובליקויים בזמן אמת, תיעוד ודיווח לגורמים הרלוונטים דרישות התפקיד: 12 שנות לימוד יחסי אנוש טובים ידע מקצועי עדכני(תעודה לניהול משק) כושר ניהול וארגון על צוות עובדים גדול ידיעת השפה העברית על בורייה, שפה נוספת יתרון כושר תכנון כושר הדרכה נכונות לעבודה במשמרות,עדיפות לערב *תינתן עדיפות למועמדים/ות עם מוגבלויות"
מזכיר/ה רפואי/ת,מרכז רפואי רבין,גוש דן,2026-06-16,https://jobs.clalitapps.co.il/clalit/redmatch-apply/redmatch.apply.html?compPositionID=48848,מנהל ומטה,,"לבית החולים בילינסון דרוש/ה מזכיר/ה רפואי/ת במחלקות ב 50% משרה תיאור התפקיד: אחריות לטיפול מנהלי שוטף בתיעוד רפואי של מטופלים מקבלתם למחלקה ועד שחרורם: פתיחת רשומה רפואית, מעקב ועדכון מסמכים ועוד טיפול מנהלי בקבלה, ניוד, העברה ושחרור מטופלים במחלקה: בדיקת מצבת מטופלים, הכנת מסמכים רלוונטיים, תיאומים ועוד קשרי עבודה עם גורמים שונים בבית החולים ומחוצה לו: תיאום פגישות, תיאום תורים, הזמנת שירותים ובדיקות, העברת מידע ומסמכים ועוד סיוע אדמיניסטרטיבי לצוות המחלקה ולמנהל המחלקה מתן מידע ושירות למטופלים ובני משפחותיהם בנושאים מנהליים שונים דרישות התפקיד: תעודת בגרות מלאה תעודת מזכירות רפואית ניסיון מקצועי בעבודת מזכירות בתחום הרפואה - יתרון שליטה מלאה בשפה העברית ידיעת אנגלית כדי קריאת מונחים מקצועיים רלוונטיים תודעת שירות גבוהה תקשורת בין אישית טובה ויכולת עבודה בצוות יכולת ביטוי טובה בכתב ובעל פה *תינתן עדיפות למועמדים/ות עם מוגבלויות"
שרברב/ית -עובד/ת אחזקה,מרכז רפואי רבין,גוש דן,2026-06-16,https://jobs.clalitapps.co.il/clalit/redmatch-apply/redmatch.apply.html?compPositionID=48860,אחזקה ולוגיסטיקה,,לבית החולים בילינסון דרוש/ה שרברב/ית במשרה מלאה תאור התפקיד: ביצוע עבודות ותיקונים בצנרת מים וביוב בהתאם להנחיות הממונים פועל/ת כחלק מצוות האחקה המתוכננת הרכבת קבועות סניטריות וחיבורן למערכות יוזמה לפעילויות טכניות שונות כמתחייב מכללי המקצוע ודיווח על עבודות שבוצעו בטפסי מחשב ביצוע תפקידים נוספים לפי דרישות הממונים דרישות התפקיד: בוגר/ת בית ספר מקצועי במקצוע השרברבות ניסיון של 3 שנים בעבודות אינסטלציה כולל הכרת דרישות הורואות למתקני תברואה נסיון בהתקנת צינורות ברזל בהברגה נחושת ופלסטיק נסיון בטיפול בביוב ובשוחות ידיעת השפה העברית כולל כתיבה והגשת דיווח יכולת עבודה בצוות *תינתן עדיפות למועמדים/ות עם מוגבלויות
מזכיר/ה רפואי/ת,מרכז רפואי רבין,גוש דן,2026-06-16,https://jobs.clalitapps.co.il/clalit/redmatch-apply/redmatch.apply.html?compPositionID=48151,מנהל ומטה,,"לבית החולים בילינסון דרוש/ה מזכיר/ה רפואי/ת במחלקות למשרה מלאה תיאור התפקיד: אחריות על טיפול מנהלי שוטף בתיעוד רפואי של מטופלים מקבלתם למחלקה ועד שחרורם: פתיחת רשומה רפואית, מעקב ועדכון מסמכים ועוד טיפול מנהלי בקבלה, ניוד, העברה ושחרור מטופלים במחלקה: בדיקת מצבת מטופלים, הכנת מסמכים רלוונטיים, תיאומים ועוד קשרי עבודה עם גורמים שונים בבית החולים ומחוצה לו: תיאום פגישות, תיאום תורים, הזמנת שירותים ובדיקות, העברת מידע ומסמכים ועוד סיוע אדמיניסטרטיבי לצוות המחלקה ולמנהל המחלקה. מתן מידע ושירות למטופלים ובני משפחותיהם בנושאים מנהליים שונים דרישות התפקיד: תעודת בגרות מלאה תעודת מזכירות רפואית ניסיון מקצועי בעבודת מזכירות בתחום הרפואה - יתרון שליטה מלאה בשפה העברית ידיעת אנגלית כדי קריאת מונחים מקצועיים רלוונטיים תודעת שירות גבוהה תקשורת בין אישית טובה ויכולת עבודה בצוות יכולת ביטוי טובה בכתב ובעל פה *תינתן עדיפות למועמדים/ות עם מוגבלויות"
מנהל/ת תוכנית חממה בחדשנות,מרכז רפואי רבין,גוש דן,2026-06-16,https://jobs.clalitapps.co.il/clalit/redmatch-apply/redmatch.apply.html?compPositionID=48936,מנהל ומטה,,"לבית החולים בילינסון דרוש/ה מנהל/ת תוכנית חממה בחדשנות ניהול תוכנית להצמחת סטרטאפים מתוך רעיונות של צוות בית החולים משרה מלאה, החלפה לחל""ד תיאור התפקיד: התפקיד משלב עבודה אסטרטגית, ניהול פרויקטים Hands-on ועבודה יומיומית אינטנסיבית עם צוותים קליניים ויזמים הובלת תהליכי איתור צרכים קליניים (Need Finding) יחד עם אנשי צוות רפואי ניהול וליווי פרויקטים יזמיים משלב הרעיון ועד Proof of Concept / לטובת יישום פנימי או מסחור יישום מתודולוגיית BioDesign: אפיון בעיות, בניית קונספטים, ולידציה קלינית ועסקית עבודה שוטפת עם יזמים מתוך בית החולים - חידוד רעיונות, בניית תוכניות עבודה ולוחות זמנים חיבור לגורמים רלוונטיים: הנהלת בית החולים, יחידות מחשוב, רגולציה, רכש, דוברות ויחידות קליניות קידום פיילוטים וניסויים קליניים ראשוניים בתוך בית החולים אחריות על התקדמות הפרויקטים, עמידה ביעדים ותיעוד תהליכים דרישות התפקיד: תואר ראשון (לפחות) בתחומי רפואה/ביולוגיה/מדעי החיים תואר שני במנהל עסקים ( MBA ) - יתרון ניסיון בעבודה בעולם החדשנות הרפואית - במערכת ציבורית או בגוף פרטי ניסיון בניהול פרויקטים הבנה עמוקה של האקוסיסטם הרפואי והחדשנות בתחום הבריאות יחסי אנוש מעולים לעבודה בצוות קטן יכולת התנהלות עצמאית, ראש גדול ויכולת לשאת באחריות יכולת התמודדות עם גופים גדולים ומורכבים- תוך ניווט במורכבויות ארגוניות *תינתן עדיפות למועמדים/ות עם מוגבלויות"
מזכיר/ה למרפאת חוץ,מרכז רפואי רבין,גוש דן,2026-06-16,https://jobs.clalitapps.co.il/clalit/redmatch-apply/redmatch.apply.html?compPositionID=47986,מנהל ומטה,,"לבית החולים בילינסון דרוש/ה מזכיר/ה למרפאת שיקום קול ודיבור משרה זמנית היקף המשרה 50% תיאור התפקיד : מתן שירות פרונטלי וטלפוני למטופלים בנושאים אדמיניסטרטיביים טיפול כולל בנושא תורים למרפאה - זימון מטופלים, שינוי מועד, מתן מידע ועוד קבלה אדמיניסטרטיבית של מטופלים המגיעים למרפאה והפנייתם לגורמי הטיפול השונים סיוע למטופל בהשגחת המסמכים הנחוצים בהתאם לצורך תיעוד ודיווח פעולות שבוצעו במרפאה במערכות ממוחשבות תקשורת שוטפת עם מטופלים ועם יחידות בתוך מחוץ לבית החולים תיוק, סריקת חומר רפואי ומנהלי לתיק המטופל וביצוע משימות משרדיות נוספות בהתאם לצורך ולהנחיות דרישות התפקיד: תעודת בגרות מלאה - חובה תעודת מזכירה רפואית - יתרון ניסיון אדמינסטרטיבי - יתרון שליטה מלאה בשפה העברית ידיעת שפה נוספת - יתרון שליטה במחשב ובתכונות OFFICE תודעת שירות גבוהה תקשורת בינאישית טובה ויכולת עבודה בצוות יכולת ביטוי טובה בע""פ ובכתב יכולת עבודה בצוות מוסר עבודה גבוה *תינתן עדיפות למועמדים/ות עם מוגבלויות"
מזכיר/ה רפואי/ת,מרכז רפואי רבין,גוש דן,2026-06-16,https://jobs.clalitapps.co.il/clalit/redmatch-apply/redmatch.apply.html?compPositionID=49231,מנהל ומטה,,"לבית החולים השרון קמפוס גולדה דרוש/ה מזכיר/ה רפואי/ת למחלקת א.א.ג בחצי משרה תיאור התפקיד: אחריות לטיפול מנהלי שוטף בתיעוד רפואי של מטופלים מקבלתם למחלקה ועד שחרורם: פתיחת רשומה רפואית, מעקב ועדכון מסמכים ועוד טיפול מנהלי בקבלה, ניוד, העברה ושחרור מטופלים במחלקה: בדיקת מצבת מטופלים, הכנת מסמכים רלוונטיים, תיאומים ועוד קשרי עבודה עם גורמים שונים בבית החולים ומחוצה לו: תיאום פגישות, תיאום תורים, הזמנת שירותים ובדיקות, העברת מידע ומסמכים ועוד סיוע אדמיניסטרטיבי לצוות המחלקה ולמנהל המחלקה. מתן מידע ושירות למטופלים ובני משפחותיהם בנושאים מנהליים שונים דרישות התפקיד: תעודת בגרות מלאה תעודת מזכירות רפואית ניסיון מקצועי בעבודת מזכירות בתחום הרפואה - יתרון שליטה מלאה בשפה העברית ידיעת אנגלית כדי קריאת מונחים מקצועיים רלוונטיים תודעת שירות גבוהה תקשורת בין אישית טובה ויכולת עבודה בצוות יכולת ביטוי טובה בכתב ובעל פה *תינתן עדיפות למועמדים/ות עם מוגבלויות"
אחראי/ת סושיאל,מרכז רפואי רבין,גוש דן,2026-06-16,https://jobs.clalitapps.co.il/clalit/redmatch-apply/redmatch.apply.html?compPositionID=49298,מנהל ומטה,,"מחפש/ת תפקיד עם שליחות בסביבה דינמית, מרגשת ומאתגרת, שבו היצירתיות שלך מצילה חיים? בית חולים בילינסון מחפש אחראי/ת סושיאל בעל/ת ניסיון משרה מלאה עם זמינות גבוהה למתן מענה מעבר לשעות העבודה הפורמליות כולל סופי שבוע וחגים תיאור התפקיד: יצירת תוכן ב- Full Production : צילומים בשטח (סטילס ווידאו), עריכת סרטוני Reels ברמה גבוהה ושליטה בתוכנות העריכה והעיצוב ( CapCut, Canva, Adobe ) שליטה בעולם הרשתות החברתיות: אינסטגרם, פייסבוק, טיק טוק, טוויטר, לינקדאין כולל התאמת תוכן לכל פלטפורמה מומחיות בניהול קהילות: ידע בבניית קהילות מעורבות וניהול אינטראקציה גבוהה עם עוקבים אשף/ית של קמפיינים: בניה ניהול והובלת קמפיינים דיגיטליים יצירתיים מאסטרטגיה ועד לביצוע, כאלה שמגיעים רחוק ומייצרים אימפקט אמיתי ידע בתפעול הכלים בנכסים הדיגיטליים וניהול הדאטה בניית אסטרטגית תוכן STORY TELLING דרישות התפקיד: השכלה אקדמית אנגלית ברמה טובה ניסיון מוכח של שנתיים לפחות במותגים הגדולים ניסיון בתפעול עמודים: הקמה, קידום וניהול קהילות ברשתות החברתיות ניסיון מוכח של ניסוח וכתיבה ברמה גבוהה מאוד המותאמת לסושיאל ידע והבנה מעמיקה ברשתות החברתיות יוזמה ויצירתיות, ידע בהפיכת רעיונות למציאות ניסיון בבניית אסטרטגיית תוכן היכרות עם עולם הבריאות - יתרון יחסי אנוש מצוינים *תינתן עדיפות למועמדים/ות עם מוגבלויות"
ראש צוות חשמל,מרכז רפואי רבין,גוש דן,2026-06-16,https://jobs.clalitapps.co.il/clalit/redmatch-apply/redmatch.apply.html?compPositionID=49187,אחזקה ולוגיסטיקה,,"לבית חולים השרון קמפוס גולדה דרוש/ה ראש צוות חשמל במשרה מלאה תיאור התפקיד: אחריות לפעולה תקינה של כל מערכות החשמל ולקיום האחזקה המתוכננת של כל מערכות החשמל אחריות לתפעול מערכת הגנרטורים לשעת חירום של בית החולים ואחריות בגינם כלפי הרשויות המוסמכות ביצוע בעזרת הצוות תיקונים בלוחות ברשת במכשירים ובציוד החשמלי התעדכנות שוטפת של התוכניות והתרשימים של מערכות החשמל בעקבות שינויים ותוספות כולל פרויקטים דרך גורמי חוץ מעקב אחר צריכת אנרגיה לגילוי צריכה חריגה או טעויות חשבון של חברת חשמל פיקוח על קבלני חוץ המבצעים עבודות במתקנים ובמערכות בתחום האחריות מעורבות בפרויקטים חדשים ותיאום קשרים בין המערכות החדשות והקיימות דרישות התפקיד: הנדסאי/ת / טכנאי/ת חשמל רישום בפנקס רשות ההסמכה להנדסאים וטכנאים רשיון חשמלאי/ת - הנדסאי/ת / חשמלאי/ת - טכנאי/ת (משרד התמ""ת). בוגר/ת קורס בנושאי בטיחות מתקני חשמל במתח גבוה ותעודה עם רשיון מסווג במתח גבוה של משרד העבודה נסיון של 5 שנים באחזקת מתקנים ובתפעול מערכות נסיון בהפעלת צוות עובדים יכולת ניהול שיתוף פעולה בצוות יחסי אנוש תקינים שליטה מלאה בעברית כולל כתיבה והגשת דיווח טכני ידיעת השפה האנגלית לקריאת חומר טכני ידע בקריאת תוכניות חשמל וסכימות פיקוד של מערכות *תינתן עדיפות למועמדים/ות עם מוגבלויות"
דימותן/ית רפואי/ת,מרכז רפואי רבין,גוש דן,2026-06-16,https://jobs.clalitapps.co.il/clalit/redmatch-apply/redmatch.apply.html?compPositionID=49537,רנטגן ודימות רפואית,,"לבית חולים בילינסון דרוש/ה דימותן/ית רפואי/ת במשרה מלאה למכון לרפואה גרעינית תיאור התפקיד: ביצוע פעולות דימות שונות בהתאם לצרכים הרפואיים הכנת הנבדק והמכשור לביצוע הפרוצדורה, בהתאם לצורך עיבוד נתוני הפרוצדורה במערכת הדיגיטלית והעברתם לארכיון PACS דיווח על ביצוע הבדיקה במערכת RIS ביצוע בדיקות שגרתיות למכשור, הבטחת תקינותו ופעילותו השוטפת, וטיפול בתקלות קשר עם מטופלים ובני משפחותיהם, מתן הסבר על הפרוצדורה השתתפות בכנסים מקצועיים ובימי עיון בתחום הדימות השתתפות בצוות רב מקצועי וייצוג התחום מול בעלי מקצוע אחרים דרישות התפקיד : תואר ראשון בדימות רפואית או סיום לימודי הסבה לדימותנות במקום הכשרה מוכר לימודי רנטגנאות ודימות - במסגרת לימודי התואר הכרת השימוש במערכות מידע ממוחשבות שליטה מלאה בעברית, ושליטה באנגלית כדי קריאת חומר מקצועי ניסיון בתחומי מקצוע נוספים (כולל התנסות במסגרת לימודי התואר) - יתרון יחסי אנוש טובים יכולת עבודה בצוות גישה שירותית ואנושית למטופל *תינתן עדיפות למועמדים/ות עם מוגבלויות"
מהנדס/ת  אחזקה,מרכז רפואי רבין,גוש דן,2026-06-16,https://jobs.clalitapps.co.il/clalit/redmatch-apply/redmatch.apply.html?compPositionID=44226,אחזקה ולוגיסטיקה,,"לבית החולים בילינסון דרוש/ה מהנדס/ת אחזקה בכפיפות למהנדס ראשי ממונה על עובדי האחזקה בביה""ח משרה מלאה תיאור התפקיד: ארגון, הפעלה ופיקוח על צוות האחזקה בבית החולים והדרכת הצוות בתפעול הציוד ובאחזקתו אחריות לביצוע עבודות האחזקה המתוכננות, עבודות תיקון, שיפוץ ושיפור בציוד ארגון ביצוע העבודות השונות שבתחום אחריותו, ומפקח עליהן בתיאום עם מהנדס בית החולים אחריות למלאי חומרים וחלפים הדרושים לביצוע העבודות פיקוח על עבודות צוות העובדים והקבלנים כולל בדיקת כמויות וחשבונות ניהול רישום ומעקב אחר דרישות היחידות השונות בבית-החולים וצריכת אנרגיה אחריות לביצוע במועד של בדיקות כחוק ותפעוליות בציוד ובמערכות סיוע בהכנת תקציב האחזקה של בית - החולים ואחריות על שמירת המסגרות בתחום האחריות יוזמה לשיפורים ושינויים במערכות הקיימות לשם ייעול תפוקתן מעורבות בפרויקטים המבוצעים בבית-החולים בתיאום עם מהנדס בית-החולים אחריות על עדכון תכניות בנין/המערכות בעקבות שינויים ובניה חדשה טיפול במכרזים בנושאי אחזקה בהתאם לנהלים פיקוח על שימוש בכלים, חומרים ופרטי ציוד לאחרים אחריות לניהול מעקב ורישום של עבודות אחזקה - תיעוד ניהול העובדים בתחום האחריות בתאום עם מהנדס בית - החולים ומנהל משאבי אנוש דרישות התפקיד: השכלה אקדמית (תואר ראשון) בהנדסה בתחומי: מכונות, חשמל או בנין (אזרחי- בעל נסיון באחזקה) רישום בפנקס המהנדסים והאדריכלים (משרד הכלכלה) ניסיון קודם של 5 שנים ומעלה בתחום המקצועי של תחזוקת מבנים, כולל ניסיון ניהולי בתחום ידע בתחום המקצועי (הכנת תקציב, קריאת תכניות, הכנת כתבי כמויות, וכד') ידיעת השפה העברית על בוריה רצויה - ידיעת השפה האנגלית, כדי קריאת ספרות מקצועית כושר ניהול וארגון יכולת ניהול משא ומתן יכולת קבלת החלטות ידע בהפעלת מחשב - תוכנות רלוונטיות *תינתן עדיפות למועמדים/ות עם מוגבלויות"
עובד/ת מעבדה כימית,מרכז רפואי רבין,גוש דן,2026-06-16,https://jobs.clalitapps.co.il/clalit/redmatch-apply/redmatch.apply.html?compPositionID=49689,מעבדות רפואיות,,"למרכז הרפואי בילינסון דרוש/ה עובד/ת מעבדה ב- 60% החלפה לחל""ד תיאור התפקיד: קליטת דגימות מהגורמים המפנים וביצוע הבדיקות הנדרשות הפעלת מערכות אבטחת איכות מתקדמות כחלק משגרת העבודה עיבוד נתוני הבדיקות והפצת תוצאותיהן לצוותים הרפואיים דרישות התפקיד: תואר ראשון - מדעי המעבדה הרפואית, ביוכימיה, ביוטכנולוגיה, גנטיקה, הנדסת ביוטכנולוגיה, חקלאות, כימיה, מדעי החיים, מדעי הרפואה, רוקחות, רפואה, רפואה וטרינרית, תזונה תעודת הכרה במעמד עובד מעבדה רפואית אקדמאי (רישיון עיסוק) מטעם משרד הבריאות ידיעת השפה העברית על בוריה ידיעת השפה האנגלית כדי קריאת ספרות מקצועית כושר ביטוי בכתב ובעל-פה יחסי אנוש טובים ויכולת עבודה בצוות *תינתן עדיפות למועמדים/ות עם מוגבלויות"
עובד/ת מעבדה,מרכז רפואי רבין,גוש דן,2026-06-16,https://jobs.clalitapps.co.il/clalit/redmatch-apply/redmatch.apply.html?compPositionID=49690,מעבדות רפואיות,,"למרכז הרפואי בילינסון דרוש/ה עובד/ת מעבדה החלפה לחל""ד תיאור התפקיד: קליטת דגימות מהגורמים המפנים וביצוע הבדיקות הנדרשות הפעלת מערכות אבטחת איכות מתקדמות כחלק משגרת העבודה עיבוד נתוני הבדיקות והפצת תוצאותיהן לצוותים הרפואיים דרישות התפקיד: תואר ראשון - מדעי המעבדה הרפואית, ביוכימיה, ביוטכנולוגיה, גנטיקה, הנדסת ביוטכנולוגיה, חקלאות, כימיה, מדעי החיים, מדעי הרפואה, רוקחות, רפואה, רפואה וטרינרית, תזונה תעודת הכרה במעמד עובד מעבדה רפואית אקדמאי (רישיון עיסוק) מטעם משרד הבריאות ידיעת השפה העברית על בוריה ידיעת השפה האנגלית כדי קריאת ספרות מקצועית כושר ביטוי בכתב ובעל-פה יחסי אנוש טובים ויכולת עבודה בצוות *תינתן עדיפות למועמדים/ות עם מוגבלויות"
רוקח/ת,מרכז רפואי רבין,גוש דן,2026-06-16,https://jobs.clalitapps.co.il/clalit/redmatch-apply/redmatch.apply.html?compPositionID=49706,רוקחות,,"לבית חולים השרון דרוש/ה רוקח/ת תיאור התפקיד: קבלת הזמנות מיחידות בית החולים, ליקוט ומיון תרופות והכנת משלוחים למחלקות בקרת התרופות הניתנות לחולים במחלקות האשפוז וביצוע מעקב על מתן התרופות, התוויה נכונה למאושפז ובדיקת אינטראקציה בין התרופות בקרה על מלאי התרופות במחלקות, לזיהוי צריכה מוגברת, זיהוי מלאים מתים, זיהוי תרופות שפג תוקפן וריכוז הזמנות של המחלקה להשלמת המלאים קיום קשר ישיר עם אחיות ורופאים בנושאים מקצועיים וביצוע ארגון במחסן התרופות המחלקתי הכנת תרופות למלאי שוטף: שקיות עירוי, מזרקים בקבוקים וקופסאות הכנת תרופות למרשם unit dose טיפול בתרופות מיוחדות ובאישורים להן לפי הצורך טיפול במגשי החייאה, בניהול הכמויות ומיקום המגשים, ובהחלפת תרופות המתקרבות לסיום תוקף טיפול במערך תרופות לשעת חירום, ביקור באתרים וביצוע שינויים במערך החירום על פי הנחיות מתן מענה להזמנות מזדמנות בכתב ושרות בדלפק לקבלת מרשם רופא. ביצוע מטלות נוספות בהתאם להנחיית הממונה דרישות התפקיד: השכלה אקדמית (תואר ראשון) - רוקחות רישיון עיסוק ברוקחות (משרד הבריאות) הכרת התרופות ויכולת להשתמש בספרות מקצועית להשגת מידע עליהם ידיעת השפה העברית על בורייה ידיעת השפה האנגלית כדי קריאת ספרות מקצועית יחסי אנוש טובים *תינתן עדיפות למועמדים/ות עם מוגבלויות"
מזכיר/ה למכון דימות,מרכז רפואי רבין,פתח תקווה,2026-06-16,https://jobs.clalitapps.co.il/clalit/redmatch-apply/redmatch.apply.html?compPositionID=49593,מנהל ומטה,,"לבית החולים בילינסון דרוש/ה מזכיר/ה לשירות האמבולטורי במכון דימות משרה מלאה ימים א'- ה' בין השעות 7:00-15:00 עבודה בערבי חג וחול המועד תיאור התפקיד: מתן שירות פרונטלי וטלפוני למטופלים בנושאים אדמיניסטרטיביים טיפול כולל בנושא תורים למרפאה - זימון מטופלים, שינוי מועד, מתן מידע ועוד קבלה אדמיניסטרטיבית של מטופלים המגיעים למרפאה והפנייתם לגורמי הטיפול השונים סיוע למטופלים בהשגת מסמכים נחוצים בהתאם לצורך תיעוד ודיווח על פעולות שבוצעו במרפאה במערכות ממוחשבות תקשורת שוטפת עם מטופלים ועם יחידות בתוך ומחוץ לבית החולים תיוק, סריקת חומר רפואי ומנהלי לתיק המטופל וביצוע משימות משרדיות נוספות בהתאם לצורך ולהנחיות דרישות התפקיד: תעודת בגרות מלאה - חובה תעודת מזכירות רפואית - יתרון ניסיון אדמיניסטרטיבי - יתרון שליטה מלאה בשפה העברית ידיעה של שפה נוספות - יתרון שליטה במחשב ובתוכנות Office תודעת שירות גבוהה תקשורת בין אישית טובה ויכולת עבודה בצוות יכולת ביטוי טובה בעל פה ובכתב יכולת עבודה בצוות מוסר עבודה גבוה *תינתן עדיפות למועמדים/ות עם מוגבלויות"
עובד/ת סוציאלי/ת,מרכז רפואי רבין,פתח תקוה,2026-06-16,https://jobs.clalitapps.co.il/clalit/redmatch-apply/redmatch.apply.html?compPositionID=46925,עבודה סוציאלית,,"לבית חולים השרון דרוש/ה עובד/ת סוציאלי/ת משרה מלאה/חלקית/זמנית (החלפה לחל""ד) תיאור התפקיד: מתן טיפול סוציאלי פרטני, משפחתי או קבוצתי למטופלים ו/או משפחותיהם הזקוקים לסיוע בתחום האישי, החברתי, הכלכלי והנפשי כתוצאה ממחלה, בשיטות טיפול מקצועיות הנהוגות בעבודה סוציאלית יוזמה או קבלת הפניות ממקורות שונים כגון צוות רפואי, מוסדות רפואיים, קהילה ואחרים, לגבי הנזקקים לטיפול בנושאים הקשורים בחולי ובריאות איסוף נתונים הקשורים לכל מטופל ממקורות רלוונטיים בהתאם לצורך ההתערבות הפסיכו סוציאלית ביצוע שיחות עם המטופל ומשפחתו לאיתור והבהרה של צרכי המטופל והטיפול הנדרש קשר עם גורמים קהילתיים לצורך סיוע והנגשת זכויות למטופל בהתאם לצורך קשר שוטף עם צוות רב מקצועי בתחום הקליני לשם עדכון והדרכה הדדית ביצוע תוכנית הטיפול שהותוותה, תוך תיאום עם הגורמים הרלוונטים וקשר שוטף עם צוות רב מקצועי במחלקה, ביחידה ובבית החולים מעקב אחר ביצוע תכנית הטיפול אפשרות להשתתפות בין-מקצועית בייזום ובעריכת מחקרים בתחום הביו-פסיכו-סוציאלי ביצוע תפקידים נוספים בתחום המקצועי ע""פ הוראות מנהל היחידה לעבודה סוציאלית בבית החולים דרישות התפקיד: תואר ראשון לפחות בעבודה סוציאלית. עדיפות גבוהה לבוגרי/ות תואר שני רישיון עיסוק בעבודה סוציאלית יתרון לבעלי/ות תעודת מומחיות בתחום הבריאות או בריאות הנפש יתרון לבעלי/ות ניסיון קודם בעבודה סוציאלית במערכת הבריאות שליטה מלאה בשפה העברית שליטה בשפה האנגלית כדי קריאת ספרות מקצועית יכולת בין אישיות טובות, ויכולת עבוד בצוות יכולת הבעה בכתב ובע""פ * תינתן עדיפות למועמדים/ות עם מוגבלויות"
עובד/ת מעבדה,מרכז רפואי רבין,פתח תקוה,2026-06-16,https://jobs.clalitapps.co.il/clalit/redmatch-apply/redmatch.apply.html?compPositionID=47155,מעבדות רפואיות,,"לבנק הדם הייחודי והמאתגר בבי""ח בילינסון דרושים/ות עובדים/ות ותורנים/ות למשמרות ערב, לילה, סופ""ש וחגים תפקיד מגוון עם אופק קידום למתאימים/ות תיאור התפקיד: קליטת דגימות וביצוע בדיקות נדרשות ברמה מקצועית, מיטבית, על פי נהלי המעבדה הפעלת מערכות אבטחת איכות מתקדמות כחלק משגרת העבודה עיבוד נתוני הבדיקות והפצת תוצאותיהן לצוותים הרפואיים השתתפות בכנסים, ימי עיון והשתלמויות, לקידום הידע המקצועי דרישות התפקיד: תואר ראשון במדעי המעבדה הרפואית, או באחד מהמקצועות הבאים: ביוכימיה, ביוטכנולוגיה, גנטיקה, הנדסת ביוטכנולוגיה, חקלאות, כימיה, מדעי החיים, מדעי הרפואה, רוקחות, רפואה, רפואה וטרינרית, תזונה עדיפות לתואר שני ו/או לבעלי/ות ניסיון ו/או אישור לקיחת דם ורידי תעודת הכרה במעמד עובד/ת מעבדה רפואית אקדמאית (רשיון עיסוק) מטעם משרד הבריאות - חובה שליטה מלאה בעברית וטובה באנגלית *תינתן עדיפות למועמדים/ות עם מוגבלויות"
מזכיר/ה לשירות האמבולטורי,מרכז רפואי רבין,פתח תקוה,2026-06-16,https://jobs.clalitapps.co.il/clalit/redmatch-apply/redmatch.apply.html?compPositionID=47156,מנהל ומטה,,"דרוש/ה מזכיר/ה לשירות האמבולטורי בי""ח בילינסון למשרה זמנית, החלפה לחופשת לידה משרה מלאה ימים א'- ה' בין השעות 07:30-15:30 תיאור התפקיד: מתן שירות פרונטלי וטלפוני למטופלים טיפול כולל בנושא התורים למרפאה הכנת תיקי המטופלים המוזמנים למרפאה, ריכוז מסמכים רפואיים וטפסים רלוונטיים קבלה אדמיניסטרטיבית של המטופלים המגיעים למרפאה והפנייתם לגורמי הטיפול השונים סיוע למטופל בהשגת המסמכים הנחוצים, בהתאם לצורך תיעוד ודיווח על פעולות שבוצעו במרפאה במערכות ממוחשבות תקשורת שוטפת עם מטופלים ועם יחידות בתוך בית החולים תיוק, סריקת חומר רפואי ומנהלי לתיק המטופל וביצוע משימות משרדיות נוספות בהתאם לצורך ולהנחיות דרישות התפקיד: תעודת בגרות מלאה - חובה תעודת מזכירות רפואית - יתרון ניסיון אדמינסטרטיבי - יתרון שליטה מלאה בשפה העברית ידיעה של שפה נוספות - יתרון שליטה במחשב ובתוכנות Office תודעת שירות גבוהה תקשורת בין אישית טובה ויכולת עבודה בצוות יכולת ביטוי טובה בעל פה ובכתב יכולת עבודה בצוות מוסר עבודה גבוה *תינתן עדיפות למועמדים/ות עם מוגבלויות"
עובד/ת מעבדה,מרכז רפואי רבין,פתח תקוה,2026-06-16,https://jobs.clalitapps.co.il/clalit/redmatch-apply/redmatch.apply.html?compPositionID=47160,מעבדות רפואיות,,"למעבדות בבית חולים השרון דרושים/ות עובדים/ות ותורנים/יות למשמרות ערב, לילה סופ""ש וחגים תיאור התפקיד: קליטת דגימות וביצוע בדיקות נדרשות ברמה מקצועית, מיטבית, על פי נהלי המעבדה הפעלת מערכות אבטחת איכות מתקדמות כחלק משגרת העבודה עיבוד נתוני הבדיקות והפצת תוצאותיהן לצוותים הרפואיים. דרישות התפקיד: תואר ראשון במדעי המעבדה הרפואית, או באחד מהמקצועות הבאים: ביוכימיה, ביוטכנולוגיה, גנטיקה, הנדסת ביוטכנולוגיה, חקלאות, כימיה, מדעי החיים, מדעי הרפואה, רוקחות, רפואה, רפואה וטרינרית, תזונה תעודת הכרה במעמד עובד מעבדה רפואית אקדמאי (רשיון עיסוק) מטעם משרד הבריאות ידיעת השפה העברית על בוריה ידיעת השפה האנגלית כדי קריאת ספרות מקצועית כושר ביטוי בכתב ובעל-פה דייקנות, סדר, ארגון יחסי אנוש טובים ויכולת עבודה בצוות *תינתן עדיפות למועמדים/ות עם מוגבלויות"
מזכיר/ה לשירות האמבולטורי,מרכז רפואי רבין,פתח תקוה,2026-06-16,https://jobs.clalitapps.co.il/clalit/redmatch-apply/redmatch.apply.html?compPositionID=47646,מנהל ומטה,,"לשירות האמבולטורי בבית חולים בלינסון דרוש/ה מזכיר/ה רפואי/ת למשרה מלאה ימים א'- ה' בין השעות 08:00-16:00/ 07:30-15:30 תיאור התפקיד: מתן שירות פרונטלי וטלפוני למטופלים בנושאים אדמיניסטרטיביים טיפול כולל בנושא תורים למרפאה - זימון מטופלים, שינוי מועד, מתן מידע ועוד הכנת תיקי המטופלים המוזמנים למרפאה, ריכוז מסמכים רפואיים וטפסים רלוונטיים קבלה אדמיניסטרטיבית של מטופלים המגיעים למרפאה והפנייתם לגורמי הטיפול השונים סיוע למטופל בהשגת המסמכים הנחוצים בהתאם לצורך תיעוד ודיווח על פעולות שבוצעו במרפאה במערכות ממוחשבות תקשורת שוטפת עם מטופלים ועם יחידות בתוך בית החולים תיוק, סריקת חומר רפואי ומנהלי לתיק המטופל וביצוע משימות משרדיות נוספות בהתאם לצורך ולהנחיות דרישות התפקיד: תעודת בגרות מלאה - חובה תעודת מזכירות רפואית - יתרון ניסיון אדמינסטרטיבי - יתרון שליטה מלאה בשפה העברית ידיעת שפות נוספות - יתרון שליטה במחשב ובתוכנות Office תודעת שירות גבוהה תקשורת בין אישית טובה ויכולת עבודה בצוות יכולת ביטוי טובה בעל פה ובכתב יכולת עבודה בצוות מוסר עבודה גבוה *תינתן עדיפות למועמדים/ות עם מוגבלויות"
עובד/ת סוציאלי/ת,מרכז רפואי רבין,גוש דן,2026-06-16,https://jobs.clalitapps.co.il/clalit/redmatch-apply/redmatch.apply.html?compPositionID=47649,עבודה סוציאלית,,"לבית חולים בילינסון דרוש/ה עובד/ת סוציאלי/ת החלפה לחל""ד תיאור התפקיד: מתן טיפול סוציאלי פרטני, משפחתי או קבוצתי למטופלים ו/או משפחותיהם, הזקוקים לסיוע בתחום האישי, החברתי, הכלכלי והנפשי כתוצאה ממחלה ייזום או קבלת הפניות ממקורות שונים כגון צוות רפואי, מוסדות רפואיים, קהילה ואחרים, לגבי הנזקקים לטיפול בנושאים הקשורים בחולי ובריאות קשר עם גורמים קהילתיים לצורך סיוע והנגשת זכויות למטופל הוצאה לפועל של תכנית הטיפול שהותוותה, תוך תיאום עם הגורמים הרלוונטים, וקיום קשר שוטף עם הצוות הרב מקצועי במחלקה, ביחידה ובבית החולים/קהילה מעקב אחר ביצוע תכנית הטיפול אפשרות להשתתפות בין-מקצועית בייזום ובעריכת מחקרים בתחום הביו-פסיכו-סוציאלי דרישות התפקיד : תואר ראשון בעבודה סוציאלית תואר שני - יתרון רישיון עיסוק בעבודה סוציאלית תעודת מומחיות בתחום הבריאות או בריאות הנפש - יתרון ניסיון קודם בעבודה סוציאלית במערכת הבריאות - יתרון שליטה מלאה בשפה העברית שליטה בשפה האנגלית כדי קריאת ספרות מקצועית יכולת עבודה בצוות *תינתן עדיפות למועמדים/ות עם מוגבלויות"
חשמלאי/ת ראשי/ת,מרכז רפואי רבין,פתח תקוה,2026-06-16,https://jobs.clalitapps.co.il/clalit/redmatch-apply/redmatch.apply.html?compPositionID=47539,אחזקה ולוגיסטיקה,,"תיאור תפקיד: ביצוע עבודות ותיקוני אחזקה וחשמל, התקנות לפי הוראות ממונה חבר/ה בצוות האחזקה המתוכננת עבודה במשמרות: 7:00-15:00, 14:30-22:00, 21:30-07:00 בתום תקופת הכשרה דרישות התפקיד : בוגר/ת בי""ס מקצועי במקצוע החשמל - עדיפות לטכנאי/ת / הנדסאי/ת חשמל רישיון חשמלאי/ת ראשי/ת בתוקף (משרד התמ""ת) ניסיון של 5 שנים בעבודות אחזקת מערכות חשמל בבניינים ובתעשיה ידע בקריאת תכניות חשמל במבנים ובקריאת תכניות פיקוד הכרת מערכות החשמל בבית החולים יכולת עבודה בצוות *תינתן עדיפות למועמדים/ות עם מוגבלויות"
מזכיר/ת ועדה,מרכז רפואי רבין,פתח תקוה,2026-06-16,https://jobs.clalitapps.co.il/clalit/redmatch-apply/redmatch.apply.html?compPositionID=47362,מנהל ומטה,,"לבית החולים בילינסון דרוש/ה מזכיר/ת ועדות רפואיות במכון להערכה תפקודית היקף משרה: 100% תיאור התפקיד: אחריות על תיק רפואי של נבדק מיום קבלתו במכון ועד החזרתו למשהב""ט ניהול ועדה רפואית - ריכוז מסמכים נדרשים ,הקלדת פרוטוקול, סיוע לרופא הועדה מתן שירות פרונטלי וטלפוני לנבדקים בנושאים אדמיניסטרטיביים סריקת חומר רפואי ומנהלי לתיק הנבדק, ביצוע משימות משרדיות וניהול לו""ז המכון היכרות עם חוק הנכים וספר תקנות הנכים של אגף השיקום במשהב""ט עבודה מול גורמי פנים וחוץ ומתן שירות מקצועי ורגיש לנבדקים, רופאים, עו""ד, משהב""ט כפיפות מקצועית למנהלת האדמיניסטרטיבית של המכון להערכה תפקודית העבודה במשרה מלאה - נדרשת גמישות וזמינות גם בשעות אחה""צ כיוון שהמכון פתוח עד 20:00 (נכונות להישאר בשעות הערב עד סיום הוועדות) נכונות לעבודה במתכונת גמישה ובהתאם לצרכי הארגון דרישות התפקיד: תודעת שירות גבוהה חוסן נפשי ורגשי עם יכולת עבודה מול פצועי גוף ונפש תעודת בגרות מלאה - חובה, תואר ראשון יתרון שליטה מלאה בשפה העברית, ידיעת שפה נוספת - יתרון שליטה במחשב ובתוכנות Office יכולת ביטוי טובה בעל פה ובכתב הקלדה מהירה חובה תקשורת בין אישית טובה ויכולת עבודה בצוות *תינתן עדיפות למועמדים/ות עם מוגבלויות"
דימותן/ית רפואי/ת,מרכז רפואי רבין,פתח תקווה,2026-06-16,https://jobs.clalitapps.co.il/clalit/redmatch-apply/redmatch.apply.html?compPositionID=46571,רנטגן ודימות רפואית,,"לבית חולים השרון דרוש/ה דימותן/ית רפואי/ת למשרה מלאה תיאור התפקיד: ביצוע פעולות דימות שונות בהתאם לצרכים הרפואיים הכנת הנבדק והמיכשור לביצוע הפרוצדורה, בהתאם לצורך עיבוד נתוני הפרוצדורה במערכת הדיגיטלית והעברתם לארכיון PACS דיווח על ביצוע הבדיקה במערכת RIS ביצוע בדיקות שגרתיות למיכשור, הבטחת תקינותו ופעילותו השוטפת וטיפול בתקלות קשר עם מטופלים ובני משפחותיהם, מתן הסבר על הפרוצדורה השתתפות בכנסים מקצועיים ובימי עיון בתחום הדימות השתתפות בצוות רב מקצועי וייצוג התחום מול בעלי מקצוע אחרים דרישות התפקיד : תואר ראשון בדימות רפואית או סיום לימודי הסבה לדימותנות במקום הכשרה מוכר לימודי רנטגנאות ודימות - במסגרת לימודי התואר הכרת השימוש במערכות מידע ממוחשבות שליטה מלאה בעברית ושליטה באנגלית כדי קריאת חומר מקצועי ניסיון בתחומי מקצוע נוספים (כולל התנסות במסגרת לימודי התואר) - יתרון יחסי אנוש טובים יכולת עבודה בצוות גישה שירותית ואנושית למטופל *תינתן עדיפות למועמדים/ות עם מוגבלויות"
עובד/ת מטבח,מרכז רפואי רבין,פתח תקוה,2026-06-16,https://jobs.clalitapps.co.il/clalit/redmatch-apply/redmatch.apply.html?compPositionID=47197,אחזקה ולוגיסטיקה,,"דרוש/ה עובד/ת מטבח למשרה מלא בבית חולים השרון עבודה במשמרות :06:00-14:00 / 12:00-20:00 כולל סופי שבוע תיאור התפקיד: ביצוע עבודות עזר במטבח ביה""ח סיוע בעבודות שאינן מקצועיות במטבח, במרכז החלוקה ובחדר האוכל, ע""פ הוראות הממונה ביצוע עבודות הכנה לעיבוד מזון ובישולו כגון: רחיצת ירקות וקילופם, חיתוך מזון לפי סוגיו סיוע לצוות הבישול במטלות בישול בהתאם לצורך סיוע בחלוקת מזון במערכת החלוקה ובחדר האוכל ביצוע עבודות ניקיון של כלי בישול, כלי הגשה וסביבת הבישול במטבח, במרכז החלוקה וחדרי השטיפה סיוע בחלוקת המצרכים במחסן המזון וחדרי הקירור וביצוע עבודות סדר ונקיון בהם ביצוע עבודות תוך הקפדה על כלי הניקיון, תברואה, הגיינה בטיחות וכשרות ביצוע תפקידים נוספים, ע""פ הוראות הממונה דרישות התפקיד: השכלה יסודית ידיעת השפה העברית יחסי אנוש טובים *תינתן עדיפות למועמדים/ות עם מוגבלויות"
מחסנאי/ת,מרכז רפואי רבין,פתח תקוה,2026-06-16,https://jobs.clalitapps.co.il/clalit/redmatch-apply/redmatch.apply.html?compPositionID=44348,אחזקה ולוגיסטיקה,,"למרכז הרפואי בלינסון דרוש/ה מחסנאי/ת למחסן המשקי משרה מלאה, ימים א'-ו תיאור התפקיד: הנפקת טובין עפ""י תקן/דרישה, הכנת שובר ניפוק, ליקוט והעברת הטובין ע""פ הנהלים, החתמת הלקוח על שוברי ניפוק וביצוע ניפוקי דלפק להשלמת חוסרים אחסון טובין עפ""י נהלים וכללים, סידור מדפים, ארגון, סידור המחסן ושמירה על סדר ונקיון ניהול מלאי המחסן ע""פ נהלים מקצועיים וביצוע בדיקות קבלה כמותיות ואיכותיות ביצוע עבודה עפ""י נהלים, סידור מדפים לפי איתור ו FIFO , הכרת תיק הנהלים והוראות עבודה ספירות מלאי דרישות התפקיד: השכלה תיכונית/מקצועית ניסיון מקצועי של 3 חודשים בעבודות מחסן יכולת עבודה בלחץ תודעת שירות גבוהה ויחסי אנוש טובים יכולת ומוטיבציה ללמידה ידיעת השפה העברית *תינתן עדיפות למועמדים/ות עם מוגבלויות"
טכנולוג/ית רפואי/ת למעבדת שינה,מרכז רפואי לשיקום לוינשטיין,רעננה,2026-06-15,https://jobs.clalitapps.co.il/clalit/redmatch-apply/redmatch.apply.html?compPositionID=49654,טכנולוגיות רפואיות,,"למרכז הרפואי לשיקום לוינשטיין דרוש/ה טכנולוג/ית רפואי/ת למעבדת שינה לעבודה במשמרות לילה בלבד (הדרכה וחניכה יינתנו במעבדה) תיאור התפקיד: הכנת המכשור הרפואי לפעולה, כיולו וחיבורו ביצוע בדיקות אבחנתיות או טיפוליות באמצעות המכשור הרפואי ובהתאם להנחיות הרופא טיפול שגרתי ותקופתי במכשור הרפואי, שמירה על תקינותו והכנתו לשימוש, למען בטיחותם המרבית של המטופל והצוות דרישות התפקיד: תואר הנדסאי/ת טכנולוגיה רפואית ממוסד מוכר תעודת טכנולוג/ית רפואי/ת - חובה ניסיון בתחום עיסוק מוכר למקצוע - יתרון ידיעת השפה העברית על בורייה ידיעת שפה לועזית לקריאה והבנה מונחים מקצועיים תודעת שירות ויחסי אנוש טובים ויכולת עבודה בצוות יכולת למידה והתמקצעות *תינתן עדיפות למועמדים/ות עם מוגבלויות"
מרפא/ה בעיסוק,מרכז רפואי כרמל,מרכז רפואי כרמל- חיפה,2026-06-15,https://jobs.clalitapps.co.il/clalit/redmatch-apply/redmatch.apply.html?compPositionID=49540,ריפוי בעיסוק,,"למרכז הרפואי כרמל דרוש/ה מרפא/ה בעיסוק - משרה זמנית תיאור התפקיד: אבחון, הערכה וקביעת תוכנית התערבות מקצועית למטופל, ייעוץ והדרכה למטופל ולמשפחתו שותפות פעילה בצוותים רב מקצועיים בבית החולים ובמוסדות נוספים של כללית הכשרה ופיתוח מקצועי ועדכני השתתפות בישיבות צוות ובקבוצות ללמידת עמיתים אפשרות להשתתפות בקבוצות מחקר בריפוי בעיסוק ובמגוון תחומים ברפואה אפשרות להשתתפות בצוותים חוצי ארגון, העוסקים בפיתוח תכניות התערבות חדשניות דרישות התפקיד: תואר ראשון (לפחות) בריפוי בעיסוק תעודת מרפא/ה בעיסוק מטעם משרד הבריאות שליטה מלאה בעברית, ושליטה באנגלית כדי קריאת ספרות מקצועית רלוונטית יחסי אנוש טובים, יכולת עבודה בצוות יוזמה ופרו-אקטיביות ללמידה ולעשייה מקצועית *תינתן עדיפות למועמדים/ות עם מוגבלויות"
מזכיר/ת משאבי אנוש,מרכז רפואי יוספטל ומרחב אילת,אילת,2026-06-15,https://jobs.clalitapps.co.il/clalit/redmatch-apply/redmatch.apply.html?compPositionID=49767,מנהל ומטה,,"למרכז רפואי יוספטל דרוש/ה מזכיר/ת משאבי אנוש תיאור התפקיד : ביצוע מכלול פעילויות המזכירות השונות: טיפול בדואר נכנס/יוצא, הדפסת חומר ותיוק, מענה טלפוני, הוצאת כרטיסי עובד, הנפקת אישורים לעובדים, הזמנת חותמות, סידור תלושי שכר קביעת פגישותיה של המנהלת, תיאום לוח הזמנים, תזכור פגישות, כולל הזמנת טיסות ביצוע מעקבים אחר ביצוע הוראות כתיבת פרוטוקולים והפצתם עפ""י דרישת המנהלת ריכוז והכנת חומר עבור ישיבות/ועדות, הכנת מצגות או טיפול אחר בהתאם להנחיית המנהלת אחריות על מתנדבים, גמלאים, בני/בנות שרות לאומי, ליווי פורשים אחריות על שעת חירום - תיקוף נהלים, ניפוק דוחות חדשים כל חצי שנה, עדכון דו""ח מרותקים, כיתת כוננות וכדומה סיוע בתחום הרווחה (שי לחג, שי שמחות, בני מצווה, חגים ומועדים, ימי גיבוש וכדומה) אחריות להזמנת ציוד משרדי וכדומה שליחת דוחות ארוחות לחברות כ""א קשר עם גורמים שונים במוסד ומחוץ לו הזמנה ושליחת תיקים מול הארכיון ביצוע מטלות נוספות בהתאם להוראות הממונה דרישות התפקיד: תעודת בגרות מלאה - חובה תואר ראשון - יתרון ידיעת השפה העברית על בורייה שליטה מלאה בכל תוכנות OFFICE יחסי עבודה ואנוש תקינים * תינתן עדיפות למועמדים/ות עם מוגבלויות"
קניין/ית רכש,מרכז שניידר לרפואת ילדים בישראל,פתח תקווה,2026-06-15,https://jobs.clalitapps.co.il/clalit/redmatch-apply/redmatch.apply.html?compPositionID=49765,אחזקה ולוגיסטיקה,,"למרכז הרפואי שניידר דרוש/ה קניין/ית רכש משרה מלאה א'-ה' 08:00-16:00 - החלפה לחל""ד תיאור התפקיד: אחריות לרכש מלאי שוטף במחסנים עפ""י מדיניות עיתוד: קבלת החלטה על רכישה בהתחשב בכל הגורמים, רכישה עפ""י ההצעה הנמוכה ביותר עפ""י הנוהל/הסכמי כללית, טיפול באי-אספקות כמותיות עפ""י המקרה, ניהול מו""מ עם ספקים במידת הצורך, תיאום מול המחסנאי וידוע המחסן לגבי אספקה ועוד. כחלק מהתפקיד, אחריות לניהול נק' MRP במחסנים (עדכון נקודות הזמנה בהתאם לנתוני הצריכה) טיפול באספקת רכש יעודי (שאינו שוטף) ע""י בחירת ספק ומוצר מתאים לפי הצעות מחיר/הסכמים , ליווי הרכש מרגע הוצאתו ועד לאספקת הציוד/שירות לבית החולים, בדיקת אישורים לתקניות הציוד או נותן השירות במידת הצורך ביצוע הזמנות רכש בדיעבד - קונסיגנציה. כיסוי הזמנות לפריטים בשימוש בחדר ניתוח וביצוע בקרה מול הספקים והנה""ח על תקינות החיובים והתשלום לספקים ביצוע בדיקות בתחומי בקרה לוגיסטית לצורך זיהוי כשלים/פערים בהתנהלות המחסנים והרכש ופעולה מול הגורמים הרלוונטיים לקידום פתרונות בנושא קידום תהליך פתיחת מק""ט בארגון במידה והפריט לא קיים בכללית. התהליך כולל קבלת פנייה מיחידות בית החולים ובחינת כדאיות ותקינות המידע לפני הקמת בקשה לפתיחת מק""ט ניהול הרכש תוך הקפדה על עמידה בתקציב: צמצום או דחיית רכש ע""מ לשמור על המסגרת התקציבית דרישות התפקיד : השכלה אקדמית (תואר ראשון) באחד או יותר מהתחומים: תעשיה וניהול, לוגיסטיקה, מינהל עסקים, ניהול מערכות בריאות או במדעי החברה, או הנדסאי/טכנאי תעשיה וניהול נסיון של שנתיים בקניינות - יתרון ידיעת השפה העברית על בורייה ואנגלית ברמה טובה יכולת ניהול משא ומתן יכולת ארגון ותאום תודעת שרות ורצון לעזור ידע ב SAP לוגיסטיקה - יתרון ידע ב office - חובה *תינתן עדיפות למועמדים/ות עם מוגבלויות"
קלינאי/ת תקשורת,מרכז רפואי לשיקום לוינשטיין,רעננה,2026-06-15,https://jobs.clalitapps.co.il/clalit/redmatch-apply/redmatch.apply.html?compPositionID=49594,קלינאות תקשורת,,"למכון להתפתחות הילד במרכז הרפואי לשיקום לוינשטיין דרוש/ה קלינאי/ת תקשורת -החלפה לחל""ד עבודה מגוונת ומעניינת בצוות רב מקצועי העבודה בהיקף של 50% משרה (20 שעות שבועיות) תיאור התפקיד: אבחון, הערכה וטיפול בילדים עם הפרעות התפתחותיות. אפשרות להשתלב גם בשיקום ילדים הדרכה וליווי על ידי צוות מקצועי עבודה מלאת עניין בצוות רב מקצועי ציוד טיפולי וטכנולוגי עשיר ומתקדם תנאי סביבה ואוירה נעימים ותנאי שכר משופרים דרישות התפקיד: תואר ראשון בהפרעות בתקשורת רישיון עיסוק במקצוע - תעודת הכרה במעמד של משרד הבריאות עדיפות לניסיון בתחום שליטה מצוינת בשפה העברית בדומה לשפת אם שליטה באנגלית ברמת קריאת ספרות מקצועית כושר הבעה בכתב ובעל פה *תינתן עדיפות למועמדים/ות עם מוגבלויות"
מזכיר/ה רפואי/ת למוקד זימון תורים,מרכז רפואי העמק,עפולה,2026-06-14,https://jobs.clalitapps.co.il/clalit/redmatch-apply/redmatch.apply.html?compPositionID=49758,מנהל ומטה,,"למרכז רפואי העמק דרוש/ה מזכיר/ה רפואי/ת למוקד זימון תורים ב- 50% משרה - החלפה לחל""ד תיאור התפקיד : מענה טלפוני - זימון/ביטול/הזזה/מידע על תורים וניתוחים טיפול בנושאים כלליים של מזכירות ומנהלה הכרוכים בתפעול השוטף של היחידה - טלפונים, תכתובות, דואר, תיוק, הקלדה, סיוע משרדי למנהלת היחידה ביצוע מטלות משרדיות נוספות בהתאם לצורך והנחיות הממונה דרישות התפקיד : השכלה תיכונית מלאה (תעודת בגרות) תעודת מזכירות רפואית-חובה ידע בתוכנות מחשב, כולל OFFICE ידיעת השפה העברית על בוריה שליטה בשפה האנגלית תקשורת בין אישית טובה ויכולת עבודה בצוות תודעת שירות גבוהה אחריות, סובלנות ויוזמה * תינתן עדיפות למועמדים/ות עם מוגבלויות"
מנהל/ת חשבונות,מחוז צפון,נוף הגליל,2026-06-14,https://jobs.clalitapps.co.il/clalit/redmatch-apply/redmatch.apply.html?compPositionID=49754,מנהל ומטה,,"להנהלת מחוז צפון דרוש/ה מנהל/ת חשבונות משרה מלאה, ימים א-ה' בין השעות 8:00 - 16:00 תיאור התפקיד: הזנת נתונים ריכוז חשבונות ובדיקת התאמה לפרטי הזמנות בדיקה ואישור נכונות חשבון, עריכת פקודות חיוב או זיכוי חשבונות הספקים בהתאם מעקב וחיוב מוסדות עבור שירותים רפואיים קשר עם גורמים שונים ומוסדות בנקאיים הכנת חומר למאזן פעולות נוספות בהתאם להוראות ממונה דרישות התפקיד: בגרות מלאה חובה - רצוי תואר ראשון תעודת הנהלת חשבונות סוג 2 -חובה, רצוי סוג 3 ניסיון בתחום, היכרות עם מערכת הsap - חובה שליטה ב Excel יחסי אנוש טובים כושר הבעה בכתב ובעל פה *תינתן עדיפות למועמדים/ות עם מוגבלויות"
רכז/ת פיתוח שירותים וניהול ידע חברה ערבית,הנהלה ראשית,תל אביב,2026-06-14,https://jobs.clalitapps.co.il/clalit/redmatch-apply/redmatch.apply.html?compPositionID=49526,מנהל ומטה,,"לאגף השיווק בהנהלה ראשית דרוש/ה רכז/ת פיתוח שירותים וניהול ידע חברה ערבית תיאור התפקיד: אחריות לפיתוח שירותים בהתאמה לחברה הערבית בשת""פ עם גורמי החטיבות השונות, בתי חולים, חברות בנות ומחלקות החטיבה אחריות לפיתוח שירות בהתאמה בדיגיטל וב-IVR - כולל אתרי האינטרנט ואפליקציות של כללית, עמדות כללית לידיעתך, וערוץ קיופלאו במרפאות החברה הערבית אחריות להתאמת המוצר במגוון תחומי פעילות (חדשים וקיימים) בשת""פ הגורמים הרלוונטים כגון בריאות הנפש, מוקדי חירום, מדדי איכות , הסדרי בחירה וכו' הנגשת מידע ייחודי הרלוונטי לאורח החיים ולצרכים התרבותיים בחברה הערבית גורם מקשר ברמה ארצית מול המושלם להתאמת השירות לחברה הערבית איתור ספקים ופריסת שירות בהתאמה אחריות לבניית שירות מותאם בבתי חולים כגון במחלקת יולדות בשת""פ עם מנהל שירות בתי חולים בהנה""ר ובבתי החולים אחריות להפקה וניתוח נתוני מערכות BI של החברה הערבית עבור המחלקה והמחוזות דרישות התפקיד: 12 שנות לימוד (תעודת בגרות), יתרון להשכלה אקדמית - תואר ראשון במדעי החברה או בניהול מערכות בריאות היכרות מעמיקה עם גורמים מובילי דעה במגזר ראייה מערכתית וכושר ניתוח יכולת הנעת עובדים יחסי אנוש מצוינים יכולת לעבוד בצוות מודעות גבוהה לשירות אסרטיביות יצירתיות ידיעת השפות העברית והערבית על בוריין יכולת הבעה והתנסחות גבוהה בכתב ובעל פה (עברית וערבית) *תינתן עדיפות למועמדים/ות עם מוגבלויות"
קלינאי/ת תקשורת,מרכז רפואי לשיקום לוינשטיין,רעננה,2026-06-14,https://jobs.clalitapps.co.il/clalit/redmatch-apply/redmatch.apply.html?compPositionID=49745,קלינאות תקשורת,,"למרכז הרפואי לשיקום לוינשטיין דרוש/ה קלינאי/ת תקשורת לשיקום מבוגרים לעבודה בהיקף של 75% משרה, 5 ימים בשבוע תיאור התפקיד: ביצוע אבחון וטיפול למטופלים הסובלים מאפאזיה, דיסארטריה, הפרעות בליעה וקול לקיחת חלק פעיל בעבודת צוות מקצועי ורב מקצועי השתתפות בימי עיון והשתלמויות, התעדכנות בחידושים מקצועיים אפשרות להשתתפות בפרויקטים ובמחקרים דרישות התפקיד: תואר ראשון בקלינאות תקשורת רישיון עיסוק במקצוע - תעודת הכרה במעמד של משרד הבריאות שליטה בשפה העברית ברמת שפת אם שליטה באנגלית ברמת קריאת ספרות מקצועית ידיעת שפה נוספת - יתרון כושר הבעה בכתב ובעל פה יכולת עבודה בסביבה ממוחשבת, שליטה בתוכנות Office יחסי אנוש טובים ויכולת עבודה בצוות יכולת הסתגלות לסביבות עבודה משתנות סקרנות ומוטיבציה ללמידה ולהתפתחות מקצועית * תינתן עדיפות למועמדים/ות עם מוגבלויות"
רופא/ה מומחה/ית בפסיכיאטריה - Psychiatrist,מרכז רפואי יוספטל ומרחב אילת,אילת,2026-06-10,https://jobs.clalitapps.co.il/clalit/redmatch-apply/redmatch.apply.html?compPositionID=49665,רפואה,,"למערך בריאות הנפש במחוז אילת דרוש/ה רופא/ה מומחה/ית בפסיכיאטריה מבוגרים/ילדים תיאור התפקיד : ביצוע אבחונים, גיבוש תוכניות טיפול וטיפול במטופלים השתתפות בוועדות, בישיבות ובדיונים בנושאים מקצועיים שונים במרפאה ובמחוז העברת מידע רפואי, בכתב או בעל פה, על פי הצורך ובהתאם לדרישות ולנהלים קשרי עבודה עם גורמים שונים בקהילה ועם גורמי חוץ כגון: אקדמיה, בתי חולים ועוד ביצוע פעילות אקדמית של הדרכה ומחקר במסגרת הקהילה ומוסדות אקדמיים על פי הצורך השתלבות במערך הרפואה המחוזי, על פי המקובל ובהתאם להסכמים ולצרכים התעדכנות מקצועית שוטפת, באמצעות ספרות מקצועית, מקורות מידע מקוונים, כנסים, השתלמויות ועוד ביצוע מטלות נוספות בתחום המקצועי, לפי הוראות הממונה דרישות התפקיד : פסיכיאטר/ית מומחה/ית - מבוגרים/ילדים ונוער רישיון ישראלי לעסוק ברפואה אישור תואר מומחה/ית רלוונטי לתחום העיסוק מטעם משרד הבריאות ידע מקצועי נרחב ועדכני בתחום הרלוונטי תקשורת בינאישית ושיתוף פעולה בצוות שירותיות, סבלנות ואמפתיה לזולת גמישות בהיקפי המשרה תנאים מצוינים *תינתן עדיפות למועמדים/ות עם מוגבלויות"
רופא/ת משפחה – קהילה Family medicine specialist,מרכז רפואי יוספטל ומרחב אילת,אילת,2026-06-10,https://jobs.clalitapps.co.il/clalit/redmatch-apply/redmatch.apply.html?compPositionID=48839,רפואה,,"למחוז אילת דרוש/ה רופא/ת משפחה למשרה מלאה תנאים מעולים למתאימים - השתתפות בדיור*, כרטיסי טיסה, שי לחג, השתתפות בהשתלמויות תיאור התפקיד: ליווי המטופלים ובני משפחותיהם, תוך דאגה לכלל צרכיהם הבריאותיים, מתוך ראיה כוללת, והתחשבות ברצונות הפרט ובתרבותו ביצוע אבחונים, גיבוש תוכניות טיפול וטיפול במטופלים במרפאה במסגרת רפואת המשפחה השתתפות בוועדות, בישיבות ובדיונים בנושאים מקצועיים שונים, במרפאה ובמחוז העברת מידע רפואי, בכתב או בעל פה, על פי הצורך ובהתאם לדרישות ולנהלים קשרי עבודה עם גורמים שונים בקהילה, ועם גורמי חוץ, כגון אקדמיה, בתי חולים ועוד. ביצוע פעילות אקדמית של הדרכה ומחקר במסגרת הקהילה ומוסדות אקדמיים על פי הצורך והמצאי השתלבות במערך הרפואה המחוזי, על פי המקובל ובהתאם להסכמים ולצרכים התעדכנות מקצועית שוטפת, באמצעות ספרות מקצועית, מקורות מידע מקוונים, כנסים, השתלמויות ועוד ביצוע מטלות נוספות בתחום המקצועי, לפי הוראות הממונה דרישות התפקיד : תואר MD ברפואה רישיון ישראלי לעסוק ברפואה עדיפות לבעלי/ות תעודה מוכרת של מומחיות ברפואת המשפחה הכרת החוקים, התקנות והנהלים הרלוונטיים שליטה בשפה העברית, ושליטה באנגלית לפחות כדי קריאת ספרות מקצועית ידיעת שפה נוספת - יתרון מקצוענות אבחנתית וביצועית יכולת ניתוח ואינטגרציה תקשורת בין אישית טובה עם מטולים ובני משפחותיהם שיתוף פעולה בצוות שירותיות, סבלנות ואמפתיה לזולת *בכפוף לאישור ועדת הדיור המוסדית **תינתן עדיפות למועמדים/ות עם מוגבלויות"
רופא/ה מומחה/ית לרפואת נשים - Gynecologist specialist,מרכז רפואי יוספטל ומרחב אילת,אילת,2026-06-10,https://jobs.clalitapps.co.il/clalit/redmatch-apply/redmatch.apply.html?compPositionID=48841,רפואה,,"למרכז רפואי יוספטל דרוש/ה רופא/ה מומחה/ית ברפואת נשים אפשרות למשרה מלאה או חלקית תנאים מעולים למתאימים - השתתפות בדיור*, כרטיסי טיסה, שי לחג, השתתפות בהשתלמויות תיאור התפקיד: ביצוע אבחונים, גיבוש תוכניות טיפול ומתן טיפולים למטופלים במחלקה ו/או במרפאה במסגרת תחום המומחיות הנחייה והדרכה של המתמחים, הסטאז'רים והאחיות במסגרת המחלקה, בקרה על פעילותם, וייעוץ מקצועי בתחום המומחיות אחריות מקצועית על צוות רופאים זוטרים או מתמחים במחלקה או במרפאה אחריות מקצועית על הטיפול בקבוצה של מטופלים במחלקה או במרפאה תיתכן אחריות על נושא או תחום מקצועי במסגרת המחלקה השתתפות בישיבות ובדיונים בנושאים מקצועיים או בנוגע למטופלים פרטניים השתתפות בוועדות שונות בבית החולים קשרי עבודה עם גורמים שונים בבית החולים ועם גורמי חוץ כגון אקדמיה, גורמי טיפול בקהילה ועוד קיום קשרים עם מטופלים ובני משפחה לאיסוף ומתן של מידע רפואי טיפול בשחרור מטופלים שאושפזו במחלקה ביצוע פעילות אקדמית של הדרכה ומחקר במסגרת בית החולים בהיותו גם מוסד אקדמי התעדכנות מקצועית שוטפת, באמצעות ספרות מקצועית, אינטרנט, כנסים, השתלמויות ועוד השתלבות במערך התורנויות והכוננויות במחלקה ובבית החולים, בהתאם לתוכניות, הסכמים וצרכים עבודה בכפוף לחוקים ולתקנות ובהתאם לנהלים ו/או הנחיות עבודה של משרד הבריאות, הנהלת הכללית והנהלת בית החולים והמחלקה דרישות התפקיד : תואר M.D . ברפואה רישיון ישראלי לעסוק ברפואה תעודת מומחה מוכרת ידע מקצועי נרחב ועדכני בתחום הפעילות המקצועית (המומחיות) הכרת החוקים, התקנות והנהלים הרלוונטיים ידע בהפעלת מערכות מחשב רלוונטיות תקשורת בין אישית טובה ושיתוף פעולה בצוות יכולת טכנית (בהתמחויות מסויימות) * בכפוף לאישור ועדת הדיור המוסדית **תינתן עדיפות למועמדים/ות עם מוגבלויות"
"רופא/ה מומחה/ית רפואה יועצת: עור, אא""ג ועיניים Physician specializing in:  Skin, ENT and eyes",מרכז רפואי יוספטל ומרחב אילת,אילת,2026-06-10,https://jobs.clalitapps.co.il/clalit/redmatch-apply/redmatch.apply.html?compPositionID=48842,רפואה,,"למחוז אילת דרוש/ה רופא/ה מומחה/ית רפואה יועצת: עור, אא""ג ועיניים תנאים מעולים למתאימים - השתתפות בדיור*, כרטיסי טיסה, שי לחג, השתתפות בהשתלמויות תיאור התפקיד: הנגשת הרפואה היועצת למטופלים במסגרת הקהילה ביצוע אבחונים, גיבוש תוכניות טיפול וטיפול במטופלים (לרבות פעולות פולשניות), במרפאות מצוידות היטב ובמתאר קהילתי השתתפות בוועדות, בישיבות ובדיונים בנושאים מקצועיים שונים, במרפאה ובמחוז העברת מידע רפואי, בכתב או בעל פה, על פי הצורך ובהתאם לדרישות ולנהלים קשרי עבודה עם גורמים שונים בקהילה, ועם גורמי חוץ, כגון אקדמיה, בתי חולים ועוד ביצוע פעילות אקדמית של הדרכה ומחקר במסגרת הקהילה ומוסדות אקדמיים על פי הצורך והמצאי השתלבות במערך הרפואה המחוזי, על פי המקובל ובהתאם להסכמים ולצרכים התעדכנות מקצועית שוטפת, באמצעות ספרות מקצועית, מקורות מידע מקוונים, כנסים, השתלמויות ועוד ביצוע מטלות נוספות בתחום המקצועי, לפי הוראות הממונה דרישות התפקיד : תואר MD ברפואה רישיון ישראלי לעסוק ברפואה תעודת מומחיות באחד ממקצועות הרפואה היועצת ידע מקצועי נרחב ועדכני בתחום הפעילות המקצועית הכרת החוקים, התקנות והנהלים הרלוונטיים ידע בהפעלת מערכות מחשב רלוונטיות שליטה בשפה העברית, ושליטה באנגלית לפחות כדי קריאת ספרות מקצועית ידיעת שפה נוספת - יתרון תקשורת בין אישית טובה ושיתוף פעולה בצוות שירותיות, סבלנות ואמפתיה לזולת *בכפוף לאישור ועדת הדיור המוסדית **תינתן עדיפות למועמדים/ות עם מוגבלויות"
רופא/ה מומחה/ית באורולוגיה - Urologist specialist,מרכז רפואי יוספטל ומרחב אילת,אילת,2026-06-10,https://jobs.clalitapps.co.il/clalit/redmatch-apply/redmatch.apply.html?compPositionID=48844,רפואה,,"למרכז רפואי יוספטל דרוש/ה רופא/ה מומחה/ית באורולוגיה למשרה מלאה או חלקית תנאים מעולים למתאימים - השתתפות בדיור*, כרטיסי טיסה, שי לחג, השתתפות בהשתלמויות תיאור התפקיד: ביצוע אבחונים, גיבוש תוכניות טיפול ומתן טיפולים למטופלים במחלקה ו/או במרפאה במסגרת תחום המומחיות הנחייה והדרכה של המתמחים, הסטאז'רים והאחיות במסגרת המחלקה, בקרה על פעילותם וייעוץ מקצועי בתחום המומחיות אחריות מקצועית על צוות רופאים זוטרים או מתמחים במחלקה או במרפאה אחריות מקצועית על הטיפול בקבוצה של מטופלים במחלקה או במרפאה תיתכן אחריות על נושא או תחום מקצועי במסגרת המחלקה השתתפות בישיבות ובדיונים בנושאים מקצועיים או בנוגע למטופלים פרטניים השתתפות בוועדות שונות בבית החולים קשרי עבודה עם גורמים שונים בבית החולים ועם גורמי חוץ כגון אקדמיה, גורמי טיפול בקהילה ועוד קיום קשרים עם מטופלים ובני משפחה לאיסוף ומתן של מידע רפואי טיפול בשחרור מטופלים שאושפזו במחלקה ביצוע פעילות אקדמית של הדרכה ומחקר במסגרת בית החולים בהיותו גם מוסד אקדמי התעדכנות מקצועית שוטפת, באמצעות ספרות מקצועית, אינטרנט, כנסים, השתלמויות ועוד השתלבות במערך התורנויות והכוננויות במחלקה ובבית החולים, בהתאם לתוכניות, הסכמים וצרכים עבודה בכפוף לחוקים ולתקנות ובהתאם לנהלים ו/או הנחיות עבודה של משרד הבריאות, הנהלת הכללית והנהלת בית החולים והמחלקה דרישות התפקיד : השכלה אקדמית - תואר M.D . ברפואה רישיון ישראלי לעסוק ברפואה תעודת מומחה/ית מוכרת ידע מקצועי נרחב ועדכני בתחום הפעילות המקצועית (המומחיות) הכרת החוקים, התקנות והנהלים הרלוונטיים ידע בהפעלת מערכות מחשב רלוונטיות תקשורת בין אישית טובה ושיתוף פעולה בצוות יכולת טכנית (בהתמחויות מסויימות) * בכפוף לאישור ועדת הדיור המוסדית **תינתן עדיפות למועמדים/ות עם מוגבלויות"
רופא/ה מומחה/ית ברפואת ילדים Pediatricians,מרכז רפואי יוספטל ומרחב אילת,אילת,2026-06-10,https://jobs.clalitapps.co.il/clalit/redmatch-apply/redmatch.apply.html?compPositionID=48840,רפואה,,"למחוז אילת דרוש/ה רופא/ה מומחית ברפואת ילדים למשרה מלאה תנאים מעולים למתאימים - השתתפות בדיור*, כרטיסי טיסה, שי לחג, השתתפות בהשתלמויות תיאור התפקיד: ביצוע אבחונים, גיבוש תוכניות טיפול וטיפול במטופלים במרפאה במסגרת רפואת המשפחה עידוד מעורבות פעילה של הורי המטופל בטיפול ובמעקב אחרי הילד השתתפות בוועדות, בישיבות ובדיונים בנושאים מקצועיים שונים, במרפאה ובמחוז העברת מידע רפואי, בכתב או בעל פה, על פי הצורך ובהתאם לדרישות ולנהלים קשרי עבודה עם גורמים שונים בקהילה, ועם גורמי חוץ, כגון אקדמיה, בתי חולים ועוד ביצוע פעילות אקדמית של הדרכה ומחקר במסגרת הקהילה ומוסדות אקדמיים על פי הצורך והמצאי השתלבות במערך הרפואה המחוזי, על פי המקובל ובהתאם להסכמים ולצרכים התעדכנות מקצועית שוטפת, באמצעות ספרות מקצועית, מקורות מידע מקוונים, כנסים, השתלמויות ועוד ביצוע מטלות נוספות בתחום המקצועי, לפי הוראות הממונה דרישות התפקיד: תואר MD ברפואה רישיון ישראלי לעסוק ברפואה תעודה מוכרת של מומחיות ברפואת ילדים ידע מקצועי נרחב ועדכני בתחום הפעילות המקצועית הכרת החוקים, התקנות והנהלים הרלוונטיים שליטה בשפה העברית, ושליטה באנגלית לפחות כדי קריאת ספרות מקצועית ידיעת שפה נוספת - יתרון תקשורת בין אישית טובה עם מטופלים ובני משפחותיהם שיתוף פעולה בצוות שירותיות, סבלנות ואמפתיה לזולת * בכפוף לאישור ועדת הדיור המוסדית **תינתן עדיפות למועמדים/ות עם מוגבלויות"
סגן/ית מנהל ביטחון,מרכז רפואי יוספטל ומרחב אילת,אילת,2026-06-10,https://jobs.clalitapps.co.il/clalit/redmatch-apply/redmatch.apply.html?compPositionID=49640,מנהל ומטה,,"למרכז הרפואי יוספטל ומחוז אילת דרוש/ה סגן/ית מנהל בטחון תיאור התפקיד: מילוי מקומו של המנב""ט הראשי בהעדרו ואחריות כוללת לאבטחת המוסד ולטוהר המידות בו ומניעת אובדן עסקי בשגרה ובחירום סיוע למנב""ט בכתיבת פק""מ נהלים פנימיים תיקי שטח והנחיות וסיוע בבקרת ביצוע אחר יישום ע""י הגורמים הרלוונטיים סיוע למנב""ט הראשי בקשרי עבודה עם גורמים רלוונטיים במוסד, בארגון ומחוץ לו: השתתפות בישיבות בהעדר המנב""ט הראשי בוועדות ודיוני הנהלה ובכל תפקיד אבטחה שהמנב""ט הראשי מורה ביצוע בקרות הדרכות ותרגילים והכל עפ""י תוכנית העבודה והנחיית המנב""ט הראשי בתחום הביטחון במוסד למערך האבטחה ועובדי המוסד הנחייה וניהול מערך הביטחון במוסד עפ""י הנחיית והוראת המנב""ט הראשי: הכשרה והדרכה של עובדים, קביעת סידורי עבודה, חלוקת משימות וקבלת דיווח בסיום משמרת, ניהול תיקי עובדי הבטחון, בדיקת מהימנות העובדים, תדרוך והנחיות, ביצוע סיוע מקצועי, עריכת תרגילים עם הדרכה מתקנת בקרת ביצוע דיווח על פעילות אירועים או מקרים חריגים למנב""ט הראשי ועפ""י הנוהל הקבוע בהוראת הביטחון בנושא ביצוע מטלות נוספות בהתאם להוראות הממונה דרישות התפקיד: תעודת בגרות מלאה - חובה תואר ראשון - יתרון תעודת הסמכה למנהל אבטחה מטעם משטרת ישראל (או קבלתה תוך שנה מהכניסה לתפקיד) רישיון נהיגה (02 לפחות) עמידה בדרישות החוק לקבלת רישיון נשיאת נשק ניסיון קודם של 3 שנים ומעלה כקצין פיקודי בארגון ביטחוני או כמנהל אבטחה/ראש משרת בארגון עסקי עדיפות לניסיון בתפקידי אבטחה חקירות ובטחון עסקי ידע מקצועי רחב ועדכני בנושאי האחריות הכרת מערכות מידע רלוונטיות של הארגון כולל שליטה בתוכנת OFFICE הכרת החוקים והתקנות הרלוונטיים לתחום הכרת המוסד - יתרון ידיעה טובה של השפה העברית ידיעה טובה של שפות נוספות - יתרון יכולת ניסוח גבוהה בכתב ובע""פ יכולת ניהול וארגון ברמה גבוהה יכולת עבודה בצוות והנעת עובדים הקפדה על פרטים מיומנות בינאישיות טובות יכולת ביטוי והדרכה * תינתן עדיפות למועמדים/ות עם מוגבלויות"
רכז/ת סושיאל,מרכז רפואי יוספטל ומרחב אילת,אילת,2026-06-10,https://jobs.clalitapps.co.il/clalit/redmatch-apply/redmatch.apply.html?compPositionID=49603,מנהל ומטה,,"למרכז רפואי יוספטל ומחוז אילת דרוש/ה רכז/ת סושיאל תיאור התפקיד: הקמה ותפעול כלל נכסי הסושיאל של בית החולים והמחוז ניהול המדיה חברתית בהיבטים של: שיווק , שירות ושיווק פנים לעובדים אחריות לפעולות ומינוף המטרות האסטרטגיות של מותג העל ""כללית"" ובית החולים בסושיאל בדגש על: מרכזי מצויינות, חדשנות, איכות רפואית, שיוך בית החולים לכללית ולהיפך אחריות לשיווק יזום בפלטפורמות הסושיאל: פרסום בסושיאל בהתאם למטרות בית החולים והמחוז, העלאת תכנים ועדכונים שוטפים, ניהול קמפיינים יעודיים במהלך השנה, בניית גאנט תכנים חודשי הכולל מספר פוסטים ייעודים (OBM), ייזום פוסטים בהתאם לאירועים שעל סדר היום הציבורי ובכלל (RTM) ניטור ומענה בפלטפורמות הסושיאל: מענה שירותי - ניטור וניהול השיחה בסושיאל העברת הטיפול לגורמים הרלוונטים ומענה ללקוחות בערוצים השונים בזמינות גבוהה, טיפול במשברים - ניטור, הצפה, טיפול וניהול פוסטים ויראליים ו""נפיצים"" במדיה החברתית בקהילות סגורות ו/או פתוחות בנוגע לבית החולים בממשק עם הדוברות אחריות לשיווק פנים ארגוני בבית החולים והמחוז ניהול קבוצת פייסבוק לעובדי בית החולים והמחוז (פנים ארגונית) בתיאום עם הפעילות הפנים ארגונית הארצית אחריות להקמה, ניהול וניטור קהילות ניהול ממשקי עבודה עם ספקים חיצוניים, תוך אחריות לאיכות עבודתם ולגימור קפדני, תוך שמירה על תדמית המוסד, אחידות השפה וערך המותג עבודה מול גורמי השיווק והשירות, דוברות של בית החולים והמחוז, השיווק/שירות הארצי מעקב ובקרה: הגדלת החשיפה והאינגייג'מנט, בהתאם ליעדים שיוגדרו, דוחות נקודתיים עבור כל תוכן מקודם, דו""ח תכנים כולל בחלוקה לפייסבוק, אינסטגרם (פיד וסטורי) - הכולל את התכנים, התקציב והתוצאות תיעוד פניות השירות והטיפול בהן במערכת CRM של בית החולים והמחוז הכנת דו""ח סיכום חודשי המפרט את הפעילות שנעשתה בחודש הקודם, במטרה לשקף ולבחון את הפעילות בעמוד ובפרופיל, להסקת מסקנות וכן לשיפור ולמיקסום העבודה - מתן הצעות להמשך ניתוח שוטף של הפעילות, הגשת דוחות והסקת מסקנות להמשך פעילות דרישות התפקיד: השכלה אקדמית (תואר ראשון) - במדעי החברה/מנהל עסקים/שיווק/תקשורת תעודת בגרות מלאה - חובה ניסיון של לפחות שנה בניהול סושיאל מטעם מותג או מטעם משרד דיגיטל ידע וניסיון בכתיבת תוכן/קריאייטיב ברמה גבוהה יכולת כתיבה והתנסחות טובה, רהוטה ואמפטית יכולת הובלה וניהול תהליכים בממשקים מרובים אורייטנציה שיווקית, יצירתיות ויוזמה יכולות אנליטיות וניסיון בעבודה עם כלי בקרה וניטור יכולת עבודה בריבוי משימות תוך עמידה בלו""ז יכולת עבודה בצוות ותודעת שירות גבוהה היכרות טובה עם עולם הבריאות, עם כללית ועם בית החולים תהווה יתרון אנגלית ברמה טובה *תינתן עדיפות למועמדים/ות עם מוגבלויות"
עובד/ת סוציאלי/ת,מרכז רפואי יוספטל ומרחב אילת,אילת,2026-06-10,https://jobs.clalitapps.co.il/clalit/redmatch-apply/redmatch.apply.html?compPositionID=49749,עבודה סוציאלית,,"למרכז רפואי יוספטל ומחוז אילת דרוש/ה עובד/ת סוציאלי/ת תיאור התפקיד: מתן טיפול סוציאלי פרטני, משפחתי או קבוצתי למטופלים ו/או משפחותיהם, הזקוקים לסיוע בתחום האישי, החברתי, הכלכלי והנפשי כתוצאה ממחלה ייזום או קבלת הפניות ממקורות שונים כגון צוות רפואי, מוסדות רפואיים, קהילה ואחרים, לגבי הנזקקים לטיפול בנושאים הקשורים בחולי ובריאות קשר עם גורמים קהילתיים לצורך סיוע והנגשת זכויות למטופל הוצאה לפועל של תוכנית הטיפול שהותוותה תוך תיאום עם הגורמים הרלוונטים וקיום קשר שוטף עם הצוות הרב מקצועי במחלקה, ביחידה ובבית החולים/קהילה מעקב אחר ביצוע תוכנית הטיפול אפשרות להשתתפות בין-מקצועית בייזום ובעריכת מחקרים בתחום הביו-פסיכו-סוציאלי דרישות התפקיד : תואר ראשון בעבודה סוציאלית, תואר שני - יתרון רישיון עיסוק בעבודה סוציאלית תעודת מומחיות בתחום הבריאות או בריאות הנפש - יתרון ניסיון קודם בעבודה סוציאלית במערכת הבריאות - יתרון שליטה מלאה בשפה העברית שליטה בשפה האנגלית כדי קריאת ספרות מקצועית יכולת עבודה בצוות *תינתן עדיפות למועמדים/ות עם מוגבלויות"
פקיד/ת מרפאה,מרכז רפואי יוספטל ומרחב אילת,אילת,2026-06-10,https://jobs.clalitapps.co.il/clalit/redmatch-apply/redmatch.apply.html?compPositionID=49548,מנהל ומטה,,"למרפאת בריאות הנפש דרוש/ה פקיד/ה מחוז אילת תיאור התפקיד: מתן שירות פרונטלי וטלפוני ללקוחות המרפאה בנושאים אדמיניסטרטיביים קביעת תורים לרפואה ראשונית ויועצת והכוונת הלקוחות לשירותים הרפואיים המתאימים מתן מידע על זכויות המגיעות ללקוחות בהתאם לסל השירותים טיפול בנושאי גבייה והחזרים כספיים ללקוחות המרפאה טיפול בקליטת לקוחות חדשים במרפאה מתן שירות אדמיניסטרטיבי לגורמים בתוך המרפאה: רופאים, אחיות, רוקחים, ובעלי מקצוע נוספים שותפות בהשגה ובמימוש יעדי המרפאה בתחומי השירות, האיכות הרפואית, גיוס לקוחות, שיווק שירותים ועוד דרישות התפקיד: תעודת בגרות מלאה - חובה ניסיון בתפקידי שירות ומכירה - יתרון תודעת שירות גבוהה יחסי אנוש טובים, שיתוף פעולה בצוות יכולת עבודה בסביבה ממוחשבת יכולת עבודה בתנאי לחץ ועומס שליטה בשפה העברית, שליטה בשפה נוספת - יתרון כושר הבעה גבוה בכתב ובע""פ *תינתן עדיפות למועמדים/ות עם מוגבלויות"
קלינאי/ת תקשורת ילדים,מרכז רפואי יוספטל ומרחב אילת,אילת,2026-06-10,https://jobs.clalitapps.co.il/clalit/redmatch-apply/redmatch.apply.html?compPositionID=49219,קלינאות תקשורת,,"למרכז הרפואי יוספטל דרוש/ה קלינאי/ת תקשורת לטיפול בשפה ודיבור לילדים להתפתחות הילד משרה גמישה עם אפשרות למשרה מלאה או חלקית תיאור התפקיד: ביצוע אבחון והערכה לנוער ולילדים, בתחומי השפה והדיבור: היגוי, קול, הפרעות בקצב הדיבור, בעיות פונקציונאליות ואורגניות קביעת תוכנית טיפולית וטיפול בהתאם לממצאי האבחון לקיחת חלק פעיל בעבודת צוות מקצועי ורב מקצועי השתתפות בימי עיון והשתלמויות, התעדכנות בחידושים מקצועיים אפשרות להשתתפות בפרויקטים ובמחקרים דרישות התפקיד : תואר ראשון בקלינאות תקשורת רשיון עיסוק במקצוע - תעודת הכרה במעמד של משרד הבריאות ניסיון קודם בטיפול בילדים ונוער - יתרון משמעותי עברית ברמת שפת אם - חובה שליטה באנגלית כדי קריאת ספרות מקצועית שפות נוספות - יתרון כושר הבעה בכתב ובעל פה יכולת עבודה בסביבה ממוחשבת יחסי אנוש טובים ויכולת עבודה בצוות *תינתן עדיפות למועמדים/ות עם מוגבלויות"
פסיכולוג/ית קליני/ת שיקומי/ת רפואי/ת,מרכז רפואי יוספטל ומרחב אילת,אילת,2026-06-10,https://jobs.clalitapps.co.il/clalit/redmatch-apply/redmatch.apply.html?compPositionID=49224,פסיכולוגיה,,"למרכז רפואי יוספטל דרוש/ה פסיכולוג/ית קליני/ת שיקומי/ת רפואי/ת להקמת מערך הפסיכולוגיה בבית החולים תיאור התפקיד: ביצוע ראיונות ואבחונים פסיכולוגיים וקביעת תוכנית טיפולית ביצוע טיפולים פרטניים, קבוצתיים, זוגיים או משפחתיים השתתפות בישיבות צוות רב מקצועי, והצגת ההיבט המקצועי בתחומי האבחון והטיפול הפסיכולוגיים קשרים עם גורמים מקצועיים שונים בתוך ומחוץ לארגון (צוות רפואי, מוסדות חינוך, גורמי רווחה) אפשרות ליוזמה ולהשתתפות במחקרים פסיכולוגיים השתתפות בימי עיון, בהשתלמויות מקצועיות ובהדרכת סטודנטים דרישות התפקיד: תואר שני לפחות בפסיכולוגיה רישום כפסיכולוג/ית מומחה/ית בפנקס הפסיכולוגים של משרד הבריאות יחסי אנוש טובים ויכולת עבודה בצוות *תינתן עדיפות למועמדים/ות עם מוגבלויות"
פסיכולוג/ית התמכרויות,מרכז רפואי יוספטל ומרחב אילת,אילת,2026-06-10,https://jobs.clalitapps.co.il/clalit/redmatch-apply/redmatch.apply.html?compPositionID=49225,פסיכולוגיה,,"דרוש/ה פסיכולוג/ית התמכרויות למרפאת התמכרויות למשרה מלאה או חלקית תיאור התפקיד: ביצוע ראיונות ואבחונים פסיכולוגיים וקביעת תוכנית טיפולית ביצוע טיפולים פרטניים, קבוצתיים, זוגיים או משפחתיים השתתפות בישיבות צוות רב מקצועי, והצגת ההיבט המקצועי בתחומי האבחון והטיפול הפסיכולוגיים קשרים עם גורמים מקצועיים שונים בתוך ומחוץ לארגון (צוות רפואי, מוסדות חינוך, גורמי רווחה) אפשרות ליוזמה ולהשתתפות במחקרים פסיכולוגיים השתתפות בימי עיון, בהשתלמויות מקצועיות ובהדרכת סטודנטים דרישות התפקיד : תואר שני לפחות בפסיכולוגיה רישום כפסיכולוג/ית מומחה/ית בפנקס הפסיכולוגים של משרד הבריאות יחסי אנוש טובים ויכולת עבודה בצוות *תינתן עדיפות למועמדים/ות עם מוגבלויות"
פסיכולוג/ית התפתחותי/ת,מרכז רפואי יוספטל ומרחב אילת,אילת,2026-06-10,https://jobs.clalitapps.co.il/clalit/redmatch-apply/redmatch.apply.html?compPositionID=49226,פסיכולוגיה,,"דרוש/ה פסיכולוג/ית התפתחותי/ת במשרה מלאה או חלקית תיאור התפקיד : ריאיון מטופלים ובני משפחותיהם לאבחון / טיפול עריכת מבחני משכל ואישיות - אבחונים פסיכו-דיאגנוסטיים במידת הצורך מסירה בכתב ובעל פה הערכה, אבחון והמלצה לתוכנית טיפולית כולל מסגרת הטיפול המומלצת לממונה / צוות מקצועי ולאחר אישור הממונה / הצוות דיווח גם למטופל ובני משפחתו ביצוע טיפולים פסיכו-תרפוטיים פרטניים, קבוצתיים, זוגיים או משפחתיים בהתאם לאישור ממונה השתלבות בצוות רב מקצועי בהתאם לצורך ובכפוף להנחיות ריכוז מקרים וקשר עם גורמים מקצועיים טיפוליים אבחוניים בקהילה בכל הקשור לאבחון ולטיפול של המטופלים יוזמה ושותפות במחקרים פסיכולוגיים והשתתפות בהסקת מסקנות מקצועיות השתתפות בתהליכים מחוזיים של סקטור הפסיכולוגים ריכוז והובלת תהליכים במרפאה ביצוע תפקידים נוספים בתחום המקצועי בהתאם להוראות הממונים דרישות התפקיד : השכלה אקדמית (תואר שני) בפסיכולוגיה קלינית רישום בפנקס הפסיכולוגים של משרד הבריאות תעודת מומחה/ית בפסיכולוגיה קלינית כושר הבעה בכתב ובעל פה יחסי עבודה ויחסי אנוש תנאי שכר בהתאם להסכם הפסיכולוגים החדש שנחתם בחודשים האחרונים קבלת הדרכה שבועית על פסיכותרפיה השתתפות בקבוצת הדרכת עמיתים לפסיכולוגים מומחים לפי התכנות * תינתן עדיפות למועמדים/ות עם מוגבלויות"
פסיכולוג/ית מדריך/ה או בהסמכה,מרכז רפואי יוספטל ומרחב אילת,אילת,2026-06-10,https://jobs.clalitapps.co.il/clalit/redmatch-apply/redmatch.apply.html?compPositionID=49227,פסיכולוגיה,,"למרפאת בריאות הילד דרוש/ה פסיכולוג/ית מדריך/ה או בהסמכה תיאור התפקיד: ייזום, תכנון והוצאה לפועל של תוכניות הדרכה, הכשרה מקצועית וסמינרים לצוות הפסיכולוגים בכל שלבי התפתחותם המקצועית ביצוע פעילות מקצועית של אבחון וטיפול בתחום ההתמחות, כפי שנדרש מפסיכולוג/ית מומחה/ית, כולל טיפול במקרים מסובכים הדורשים מומחיות מיוחדת קשרים ומגעים בנושאים מקצועיים ובתחומי ההדרכה בפרט עם גורמים שונים בבית החולים, בקהילה, בארגון ובמוסדות אקדמאים שותפות בצוות הבכיר של הפסיכולוגים ביחידה, השתתפות בישיבות הצוות הרב מקצועי והצגת ההיבט המקצועי בתחומי האבחון והטיפול הפסיכולוגיים מחקר, עדכון וחידוש של שיטות העבודה בתחום הפסיכולוגיה השתתפות בוועדות תחומיות ובין תחומיות שונות בתוך הארגון ומחוצה לו דרישות התפקיד : תואר שני לפחות בפסיכולוגיה רישום בפנקס הפסיכולוגים של משרד הבריאות כמומחה וכמדריך ניסיון מקצועי קודם בטיפול, אבחון והדרכה ידע מקצועי עדכני בתחום המומחיות ובתחום ההדרכה יחסי אנוש טובים ויכולת עבודה בצוות *תינתן עדיפות למועמדים/ות עם מוגבלויות"
פסיכולוג/ית קליני/ת מומחה/ית או מדריך/ה,מרכז רפואי יוספטל ומרחב אילת,אילת,2026-06-10,https://jobs.clalitapps.co.il/clalit/redmatch-apply/redmatch.apply.html?compPositionID=49228,פסיכולוגיה,,"דרוש/ה פסיכולוג/ית קליני/ת מומחה/ית או מדריך/ה למרפאת מבוגרים תיאור התפקיד: ביצוע ראיונות ואבחונים פסיכולוגיים וקביעת תוכנית טיפולית ביצוע טיפולים פרטניים, קבוצתיים, זוגיים או משפחתיים השתתפות בישיבות צוות רב מקצועי, והצגת ההיבט המקצועי בתחומי האבחון והטיפול הפסיכולוגיים קשרים עם גורמים מקצועיים שונים בתוך ומחוץ לארגון ( צוות רפואי, מוסדות חינוך, גורמי רווחה) אפשרות לייזום ולהשתתפות במחקרים פסיכולוגיים השתתפות בימי עיון, בהשתלמויות מקצועיות ובהדרכת סטודנטים דרישות התפקיד : תואר שני לפחות בפסיכולוגיה רישום כפסיכולוג מומחה בפנקס הפסיכולוגים של משרד הבריאות יחסי אנוש טובים ויכולת עבודה בצוות *תינתן עדיפות למועמדים/ות עם מוגבלויות"
פרח רוקחות,מרכז רפואי יוספטל ומרחב אילת,אילת,2026-06-10,https://jobs.clalitapps.co.il/clalit/redmatch-apply/redmatch.apply.html?compPositionID=49221,אחזקה ולוגיסטיקה,,"לבית מרקחת צור הרים דרוש/ה עובד/ת טכני/ת - פרח רוקחות תיאור התפקיד : סיוע לוגיסטי ואדמיניסטרטיבי לרוקחים/ות בבית המרקחת ביצוע הזמנות ומעקב אחר מלאי, קבלת הזמנות, סידור סחורה, ביצוע הזמנות ורכש לתרופות, ליקוט הזמנות שבועיות ודחופות, הקלדות ודיווח במערכת הממוחשבת בקרת מלאי ותנאי איחסון תרופות, מעקב פגי תוקף ניהול רישומי מעקב טמפרטורה ודיווח מענה טלפוני ביצוע מטלות נוספות בהתאם להוראות הממונה. דרישות התפקיד : תעודת בגרות מלאה ידיעת השפה העברית ברמה טובה ידיעת השפה האנגלית יכולת עבודה בצוות שליטה במחשב ובתוכנות Office יכולות למידה נאותות * תינתן עדיפות למועמדים/ות עם מוגבלויות"
מרפא/ה בעיסוק,מרכז רפואי יוספטל ומרחב אילת,אילת,2026-06-10,https://jobs.clalitapps.co.il/clalit/redmatch-apply/redmatch.apply.html?compPositionID=49600,ריפוי בעיסוק,,"דרוש/ה מרפא/ה בעיסוק למכון להתפתחות הילד אפשרות למשרה מלאה או חלקית - גמיש ללא דרישה למעבר לאילת תנאים מעולים למתאימים! תיאור התפקיד: אבחון, הערכה וקביעת תוכנית התערבות מקצועית למטופל, ייעוץ והדרכה למטופל ולמשפחתו טיפול פרטני וקבוצתי מעורבות פעילה בצוותי טיפול רב מקצועיים לצורך קידום תהליך הטיפול ייצוג מקצוע הריפוי בעיסוק וייעוץ לגורמי טיפול נוספים - במסגרת צוות רב מקצועי או במסגרות אחרות בקהילה ובבתי החולים של כללית הכשרה ופיתוח מקצועי ועדכני השתתפות בישיבות צוות ובקבוצות ללמידת עמיתים אפשרות להשתתפות בקבוצות מחקר בריפוי בעיסוק ובמגוון תחומים ברפואה אפשרות להשתתפות בצוותים חוצי ארגון, העוסקים בפיתוח תכניות התערבות חדשניות ניתן לשלב עבודה בתחום בריאות הנפש עם עבודה במכוני ריפוי בעיסוק בקהילה דרישות התפקיד: תואר ראשון (לפחות) בריפוי בעיסוק תעודת מרפא בעיסוק מטעם משרד הבריאות שליטה מלאה בעברית ושליטה באנגלית כדי קריאת ספרות מקצועית רלוונטית יחסי אנוש טובים, יכולת עבודה בצוות יוזמה ופרו-אקטיביות ללמידה ולעשייה מקצועית *תינתן עדיפות למועמדים/ות עם מוגבלויות"
מרפא/ה בעיסוק,מרכז רפואי יוספטל ומרחב אילת,אילת,2026-06-10,https://jobs.clalitapps.co.il/clalit/redmatch-apply/redmatch.apply.html?compPositionID=49006,ריפוי בעיסוק,,"דרוש/ה מרפא/ה בעיסוק למערך בריאות הנפש - מבוגרים / ילדים / טיפול יום מחוז אילת אפשרות למשרה מלאה או חלקית - גמיש ללא דרישה למעבר לאילת תנאים מעולים למתאימים! תיאור התפקיד: אבחון, הערכה וקביעת תוכנית התערבות מקצועית למטופל, ייעוץ והדרכה למטופל ולמשפחתו הכנת המטופל לוועדת סל שיקום מעורבות פעילה בצוותי טיפול רב מקצועיים לצורך קידום תהליך הטיפול ייצוג מקצוע הריפוי בעיסוק וייעוץ לגורמי טיפול נוספים - במסגרת צוות רב מקצועי או במסגרות אחרות בקהילה ובבתי החולים של כללית הכשרה ופיתוח מקצועי ועדכני השתתפות בישיבות צוות ובקבוצות ללמידת עמיתים אפשרות להשתתפות בקבוצות מחקר בריפוי בעיסוק ובמגוון תחומים ברפואה אפשרות להשתתפות בצוותים חוצי ארגון, העוסקים בפיתוח תכניות התערבות חדשניות ניתן לשלב עבודה בתחום בריאות הנפש עם עבודה במכוני ריפוי בעיסוק בקהילה דרישות התפקיד: תואר ראשון (לפחות) בריפוי בעיסוק תעודת מרפא בעיסוק מטעם משרד הבריאות שליטה מלאה בעברית, ושליטה באנגלית כדי קריאת ספרות מקצועית רלוונטית יחסי אנוש טובים, יכולת עבודה בצוות יוזמה ופרו-אקטיביות ללמידה ולעשייה מקצועית *תינתן עדיפות למועמדים/ות עם מוגבלויות"
רכז/ת תביעות הערכה תפקודית,מרכז רפואי לשיקום לוינשטיין,רעננה,2026-06-10,https://jobs.clalitapps.co.il/clalit/redmatch-apply/redmatch.apply.html?compPositionID=49744,מנהל ומטה,,"למרכז הרפואי לוינשטיין רכז/ת תביעות הערכה תפקודית - משרד הבטחון משרה מלאה ימים א' - ה' שעות עבודה 8:00-16:00 / 12:00-20:00, עם נכונות להישאר בשעות הערב עד סיום הוועדות תיאור התפקיד: אחריות על תיק תביעה מיום קבלתו במכון ועד החזרתו למשהב""ט ניהול וועדה רפואית - ריכוז חומרים נדרשים, הקלדת פרוטוקול, סיוע לרופא הוועדה מתן שירות פרונטלי וטלפוני לזכאים בנושאים אדמיניסטרטיביים סריקת חומר רפואי ומנהלי לתיק הזכאי, ביצוע משימות משרדיות וניהול לו""ז המכון הכרות עם חוק הנכים וספר תקנות הנכים של אגף השיקום במשהב""ט עבודה מול גורמי פנים וחוץ. רופאים, עו""ד, משהב""ט דרישות התפקיד: תעודת בגרות מלאה - חובה, תואר ראשון - יתרון שליטה מלאה בשפה העברית, ידיעת שפה נוספת - יתרון שליטה במחשב ובתוכנות Office תודעת שירות גבוהה תקשורת בין אישית טובה ויכולת עבודה בצוות יכולת ביטוי טובה בעל פה ובכתב, הקלדה מהירה וכתב יד קריא נכונות לגמישות בשעות *תינתן עדיפות למועמדים/ות עם מוגבלויות"
רכז/ת פרט ושכר,מרכז שניידר לרפואת ילדים בישראל,פתח תקווה,2026-06-10,https://jobs.clalitapps.co.il/clalit/redmatch-apply/redmatch.apply.html?compPositionID=49739,מנהל ומטה,,"למרכז הרפואי שניידר דרוש/ה רכז/ת פרט ושכר - החלפה לחל""ד משרה מלאה, ימים א'-ה' 08:00-16:00 תיאור התפקיד : אחריות לטיפול בכל מחזור חיי העובד החל מקליטתו לעבודה ועד לפרישתו, כולל טיפול בשינויי שיבוץ בבית החולים, תנאים סוציאליים, החזרי הוצאות ונושאי פרט נוספים ביצוע עדכונים שוטפים בתחומי כ""א ושכר של העובד (כגון: קרנות השתלמות פנסיה ועוד) מתן שירות פרונטלי וטלפוני לעובדי בית החולים הפונים לבירורים שונים במחלקת משאבי אנוש ביצוע מעקבים שוטפים (בנושאי תקן/מצבה ותק קביעות ועוד) כולל הפקת דו""חות לממונים מעקב אחר ביצוע תשלומים וזיכויים, טיפול בהלוואות עובדים והפקת אישורים שונים לעובדים ביצוע בקרה ומעקב טיפול בבירורים בנושא זכאויות שכר הפקה, בדיקה והפצת תלושי שכר ביצוע מטלות נוספות בהתאם להוראות הממונה דרישות התפקיד : השכלה אקדמית (תואר ראשון) במשאבי אנוש או במדעי החברה - חובה הכשרה רשמית בתחום משאבי אנוש במסגרת הלימודים האקדמאים או בלימודי תעודה ניסיון של שנתיים בתחום כ""א ושכר - חובה HR הכרה וידע בשימוש במערכות מידע ממוחשבות בתחום OFFICE שליטה בתוכנות יכולת למידה והבנת חוקים, תקנות, הסכמי שכר ועבודה ידיעת השפה העברית על בוריה, שפה לועזית נוספת - יתרון יחסי אנוש טובים ותודעת שירות טובה יכולת ביטוי טובה בכתב ובע""פ * תינתן עדיפות למועמדים/ות עם מוגבלויות"
רופא/ה פסיכיאטר/ית מומחה/ית - Psychiatrist at the outpatient clinic,מרכז לבריאות הנפש שלוותה,הוד השרון,2026-06-10,https://jobs.clalitapps.co.il/clalit/redmatch-apply/redmatch.apply.html?compPositionID=49742,רפואה,,"למרכז לבריאות הנפש שלוותה דרוש/ה פסיכיאטר/ית מומחה/ית למרפאות החוץ עבודה קלינית מגוונת ומעמיקה, חשיבה פסיכותרפויטית, פעילות אקדמית ומחקרית, צוות מקצועי וחם, ואפשרויות רבות להתפתחות אישית ומקצועית תיאור התפקיד: עבודה בצוותים רב־מקצועיים גישה אינטגרטיבית זמן ייעודי ללמידת עמיתים הדרכת סטודנטים ומתמחים והשתתפות בסמינרים מקצועיים אפשרות להשתלב ביחידות ייחודיות (פסיכוזה ראשונה, צעירים, הפרעות אכילה, בריאות האישה ועוד), תוכניות הכשרה מתקדמות ושעות ייעודיות לפיתוח מקצועי אפשרות לעבודה היברידית (כולל יום עבודה מהבית בטיפול מקוון), במשרה חלקית או מלאה דרישות התפקיד: תואר MD ברפואה רישיון ישראלי לעסוק ברפואה רישיון פסיכיאטר/ית מומחה/ית בוגרי בית ספר לפסיכותרפיה - יתרון תקשורת בין אישית טובה ויכולת עבודה בצוות *תינתן עדיפות למועמדים/ות עם מוגבלויות"
מתאם/ת שירות למחלקה לרפואה דחופה,מרכז רפואי מאיר,כפר סבא - מרכז רפואי מאיר,2026-06-10,https://jobs.clalitapps.co.il/clalit/redmatch-apply/redmatch.apply.html?compPositionID=49198,מנהל ומטה,,"רוצה להיות הפנים האנושיות של המחלקה לרפואה דחופה במאיר ולהשפיע על חוויית המטופלים והמבקרים ? אנו מחפשים מתאם/ת שירות עם לב גדול, יוזמה ויכולת לעבוד בסביבה דינמית ומאתגרת מינימום 50% משרה עבודה במשמרות: בוקר (7:00-15:00), ערב (15:00-23:00) , כולל שבתות וחגים תיאור התפקיד: כפיפות למערך השירות וחווית המטופל בבית החולים הכוונת המטופלים לאורך שלבי הביקור והטיפול פנייה יזומה למטופלים ומלווים, כולל מתן עדכונים שוטפים לצורך הפחתת חוסר ודאות ולחץ תיאום ותיווך בין מטופלים, משפחות וצוותים רפואיים עבודה משותפת עם כלל הגורמים בבית החולים דרישות התפקיד: עדיפות לסטודנטים/ות לתחומי מינהל מערכות בריאות ומקצועות הבריאות ניסיון במערכת הבריאות - יתרון תודעת שירות גבוהה ויחסי אנוש מצוינים יכולת עבודה בלחץ, אסרטיביות ויוזמה שליטה במערכות מידע כישורי תקשורת גבוהים (יתרון לדוברי שפות נוספות) *תינתן עדיפות למועמדים/ות עם מוגבלויות"
מחסנאי/ת המרכז לבריאות הנפש שלוותה,מרכז לבריאות הנפש שלוותה,הוד השרון,2026-06-09,https://jobs.clalitapps.co.il/clalit/redmatch-apply/redmatch.apply.html?compPositionID=49530,מנהל ומטה,,"למרכז לבריאות הנפש שלוותה דרוש/ה מחסנאי/ת תיאור התפקיד: ניפוק טובין עפ""י תקן/דרישה עבודה עם מערכות מחשב הכנת שובר ניפוק, מלקט והעברת הטובין עפ""י נהלים החתמת הלקוח על שוברי ניפוק וביצוע ניפוקי דלפק להשלמת חוסרים ניהול מלאי המחסן עפ""י נהלים מקצועיים ביצוע בדיקות קבלה כמותיות, איכותיות לתאימות ותקינות הטובין, (הפרדה בין פריטים לא תקינים, וביצוע ספירות מלאי מדגמיות ועוד אחסון טובין עפ""י נהלים וכללים, סידור מדפים לפי איתור ו- FIFO , ארגון וסידור המחסן ושמירה על סדר וניקיון כולל מעברים פנויים דרישות התפקיד: השכלה תיכונית/מקצועית ניסיון של 3 חודשים בעבודות מחסן ידיעה טובה של השפה העברית והשפה האנגלית ברמה בסיסית תודעת שרות ויכולת ומוטיבציה ללמידה *תינתן עדיפות למועמדים/ות עם מוגבלויות"
רכז/ת פרט ושכר,בית חולים בית רבקה – מרכז רפואי גריאטרי שיקומי,פתח תקווה,2026-06-09,https://jobs.clalitapps.co.il/clalit/redmatch-apply/redmatch.apply.html?compPositionID=49553,מנהל ומטה,,"למרכז הרפואי בית רבקה דרוש/ה רכז/ת פרט ושכר תיאור התפקיד: אחריות לטיפול כוללני בעובד החל מקליטתו לעבודה ועד לפרישתו, כולל טיפול בויסות עובדים טיפול בעדכונים שוטפים בתחומי כ""א ושכר של העובד (כגון: קרנות השתלמות, פנסיה, שעות נוספות, תנאים סוציאליים, החזר הוצאות ונושאי פרט נוספים) מתן שירות ישיר וטלפוני לעובדי בית החולים הפונים לבירורים במחלקת משאבי אנוש ביצוע מעקבים שוטפים (בנושאי תקן/מצבה, ותק, קביעות ועוד) כולל הפקת דו""חות לממונים ביצוע מעקב אחר ביצוע תשלומים וזיכויים, טיפול בהלוואות עובדים הפקת אישורים שונים לעובדים ביצוע בקרה ומעקב, טיפול בבירורים בנושא זכאויות שכר הפקת תלושי שכר (בדיקה, הפצה וטיפול בבירורים) ביצוע מטלות נוספות בהתאם להוראות הממונה דרישות התפקיד: השכלה אקדמית (תואר ראשון) במשאבי אנוש או במדעי החברה הכשרה רשמית בתחום משאבי אנוש, במסגרת הלימודים האקדמיים או בלימודי תעודה נסיון של שנתיים בתחום כ""א ושכר הכרה וידע בשימוש במערכות מידע ממוחשבות בתחום כח אדם:SAP HR שליטה בתוכנת OFFICE ידיעת החוקים, התקנות וההוראות, הסכמי השכר והסכמי עבודה הקשורים לעבודה הכרה והבנת מרכיבי השכר ידיעת השפה העברית על בוריה, רצוי שפה לועזית נוספת יחסי אנוש תקינים כושר הבעה בכתב ובע""פ *תינתן עדיפות למועמדים/ות עם מוגבלויות"
קלינאי/ת תקשורת,מחוז חיפה וגליל מערבי,חיפה,2026-06-09,https://jobs.clalitapps.co.il/clalit/redmatch-apply/redmatch.apply.html?compPositionID=48942,קלינאות תקשורת,,"למכון השמיעה ודיבור בלין דרושים/ות קלינאים/ות תקשורת לעבודה בתחומי השמיעה ושיווי משקל לביצוע בדיקות VNG , VHIT , VEMP , ABR , OAE בדיקות שמיעה לילדים ומבוגרים והתאמת מכשירי שמיעה היקף עבודה מינימלי 15 ש""ש דרישות התפקיד: תואר ראשון בקלינאות תקשורת - חובה רשיון עיסוק במקצוע מטעם משרד הבריאות - חובה שליטה בשפה העברית והאנגלית ברמת שפת אם -חובה ידיעת שפה נוספת - יתרון יכולת עבודה בסביבה ממוחשבת שליטה בתוכנות Office יחסי אנוש טובים ויכולת עבודה בצוות סקרנות ומוטיבציה ללמידה ולהתפתחות מקצועית *תינתן עדיפות למועמדים/ות עם מוגבלויות"
מהנדס/ת,מרכז לבריאות הנפש גהה,פתח תקווה ורעננה,2026-06-09,https://jobs.clalitapps.co.il/clalit/redmatch-apply/redmatch.apply.html?compPositionID=49734,הנדסה וטכנולוגיה,,"למרכז לבריאות הנפש גהה ומרכז לשיקום לוינשטיין דרוש/ה מהנדס/ת לעבודה מעניינת ומגוונת תיאור התפקיד: אחריות על מגוון נושאים הנדסיים בתיאום עם המהנדס הראשי ייעוץ למהנדס הראשי בתחום המקצועי אחריות לביצוע תוכניות עבודה שנתיות אחריות לביצוע העבודות באופן מקצועי ולקביעת סדרי עדיפויות, לוחות זמנים לביצוע אחריות ליצירת קשר עם קבלני חוץ, פיקוח על ביצוע ואישור גמר עבודה תיאום וליווי יועצים ומתכננים חיצוניים, ליווי ביצוע וקבלת ציוד ובניה חדשה השתתפות בוועדות מקצועיות הכנת אומדנים, תקצוב ודיווח לממונים ייזום פעילויות טכניות שונות ביצוע תפקידים נוספים לפי דרישת הממונים דרישות התפקיד: השכלה אקדמית (תואר ראשון) בהנדסה בתחום החשמל, מכונות, בניין רישום בפנקס המהנדסים והאדריכלים ניסיון של 3 שנים בתחום הרלוונטי שליטה מלאה בשפה העברית כולל כתיבה והגשת דוחות ידיעת השפה האנגלית כדי קריאת חומר טכני *תינתן עדיפות למועמדים/ות עם מוגבלויות"
עמית/ה מלווה דובר/ת רוסית,מחוז מרכז,אשדוד,2026-06-09,https://jobs.clalitapps.co.il/clalit/redmatch-apply/redmatch.apply.html?compPositionID=49737,מנהל ומטה,,"לתוכנית לליווי ניצולי שואה עריריים דרוש/ה עמית/ה מלווה דובר/ת רוסית העבודה באשדוד 50% מישרה תיאור התפקיד: קשר טלפוני שוטף עם ניצולי השואה מתן מענה אדמיניסטרטיבי לעו""ס הכוונה במיצוי זכויות (תינתן הכשרה מתאימה) דרישות התפקיד: תעודת בגרות מלאה. עדיפות לתואר אקדמי נסיון בעבודה אדמינסטרטיבית נסיון בעבודה מול מטופלים *תינתן עדיפות למועמדים/ות עם מוגבלויות"
ממונה/ת בטיחות,מרכז רפואי לשיקום לוינשטיין,רעננה,2026-06-08,https://jobs.clalitapps.co.il/clalit/redmatch-apply/redmatch.apply.html?compPositionID=49365,מנהל ומטה,,"למרכז רפואי לשיקום לוינשטיין דרוש/ה ממונה על הבטיחות העבודה כחלק מצוות בכפיפות למנהל האדמיניסטרטיבי של ביה""ח, עבודה במשרה מלאה ימים א עד ה 08:00-16:00 תיאור התפקיד: אחריות לבטיחות בכל היחידות והמתקנים של ביה""ח ביצוע ביקורים בכל אתרי ביה""ח ומתקניו, לשם גילוי מפגעי בטיחות וגיהות ומודיע עליהם לממונה ווידוא קיום התקני בטיחות וגיהות נאותים בביה""ח אחריות להנהגת סדרי בטיחות וגיהות נאותים בביה""ח בתהליכי העבודה, במיתקנים, במבנים, בציוד ובחומרים ובכל שינוי בהם אחריות על קיום הוראות תקנות ארגון הפיקוח על העבודה (מסירת והדרכת עובדים), התשמ""ד 1984 והכנת תוכנית להדרכת עובדים אחריות להכנת תוכנית בטיחות ועידכונה כנדרש בתקנות ארגון הפיקוח על העבודה (תוכניות בטיחות), התשמ""ד 1984 ווידוא ביצוע הוראות תוכנית בטיחות שהוכנה בביה""ח והכללת דרישות בטיחות וגיהות בהוראות עדכניות לשימוש, הפעלה, תחזוקה, אחסון בטוח של ציוד, של חומרים ושל תהליכי עבודה אחריות לבדיקת סיבותיהן ונסיבותיהן של תאונות עבודה ומחלות מקצוע במגמה להפיק לקחים, כתיבת ממצאים ומסקנות הבירורים ומציע להנהלת ביה""ח צעדים מתאימים למניעת הישנות התאונות ווידוא הדרכת העובדים באשר לנסיבות התאונות ומחלות מקצוע והלקחים שהופקו ריכוז המידע והתיעוד הקשור לתאונות עבודה ומחלות מקצוע שאירעו בביה""ח אחריות לקביעה ופרסום נהלי בטיחות והפעלתם וכן על ביצוע הנהלים הכלליים בתחום זה ודיווח לממונה על מקרה של הפרתם אחריות לווידוא סימון חומרים, ציוד ותהליכי עבודה מסוכנים והתקנת שילוט הדרכה לשימוש בציוד מגן אישי מעקב אחרי ביצוע בדיקות תקופתיות של אותם המתקנים עבורם הבדיקה התקופתית נקבעה בחוק ווידוא ביצוע ההוראות אחריות לווידוא קיום שגרת בדיקות רפואיות לעובדים בביה""ח החשופים לגורמים שלגביהם קיימת דרישה לעריכת בדיקות אלה אחריות לביצוע בדיקות סביבתיות תעסוקתיות על מעבדות מוסמכות, כאשר קיימת דרישת בדיקות כאלו בחוק או בתקנות ותיעוד ממצאיהן של הבדיקות והבאתן לידיעת הממונה והעובדים את השלכות והאמצעים שיש לנקוט קביעת הסדרים שיבטיחו תנאי בטיחות וגיהות נאותים בהעסקתם של קבלני חוץ שיתוף פעולה עם ועדת הבטיחות של ביה""ח ומוסר לה את כל המידע הנדרש לפעילותה השוטפת ביצוע משימות נוספות בתחום המקצועי עפ""י הנחיות הממונה ובהתאם לצרכי הארגון קבלת החלטה על הפסקת העבודה כאשר נשקפת סכנה מיידית לחייו או בריאותו של עובד, ואחריות דיווח על כך מיד לממונה אחריות לקיום תוכנית ושגרת תרגילים למצבי חירום אחריות להכנת תוכנית הדרכות בטיחות אחת לשנה לעובדי המרכז הרפואי כמו כן, התפקיד יכלול איתור והתקשרות עם ספקים הנחיה מקצועית של ההדרכות הנדרשות וביצוען בפועל במרכז לפי האוכלוסיות, התדירות, התכנים, שיטת ההדרכה ודרישות הסמכה למדריך ועל פי דרישות האקרדיטציה, הכללית ומשרד הבריאות. אחריות לבטיחות האש בכל היחידות והמתקנים של בית החולים. הכוללת: ייעוץ, כתיבת נהלים והנחיות, הכנת חוות דעת, טיפול בהיתרים, הדרכות והכשרות, בניית תוכנית בטיחות אש, מעקב ובקרה, וביצוע מטלות נוספות ובהתאם להנחיות הממונה וצרכי הארגון דיווח למפקח עבודה אזורי, על פי דרישתו, על פעולות להעלאת רמת הבטיחות והגיהות ומניעת סיכונים ייצוג של מנהל ביה""ח בפני מוסדות חוץ כגון: משרד העבודה, המחלקה לפיקוח, שירותי הכבאות, והמוסד לבטיחות ולגיהות ועמידה בקשר עם המוסדות הללו דרישות התפקיד: מהנדס/ת / הנדסאי/ת במגמה אזרחית, מכונות, חשמל או כימיה תעודת הסמכה מוכרת ומאושרת כממונה/ת בטיחות + ממונה/ת אש מטעם מוסד מוכר ומאושר ע""י מפקח עבודה ראשי, במשרד העבודה למהנדס/ת- רישום בפנקס האדריכלים והמהנדסים (משרד התמ""ת). להנדסאי/ת - רישום בפנקס ההנדסאים והטכנאים (רשות ההסמכה) יכולת לקיים מגע נאות עם גורמי פנים וחוץ ניסיון של 5 שנים לפחות בתחום הבטיחות כושר ארגון ויוזמה כושר הבעה בכתב ובעל פה ידיעת השפה העברית על בורייה וידיעת השפה האנגלית יחסי עבודה תקינים * על המועמד/ת שי/תבחר חובה לקבל אישור כשרות תקף ממפקח עבודה ראשי *תינתן עדיפות למועמדים/ות עם מוגבלויות"
עובד/ת סוציאלי/ת,מרכז רפואי מאיר,מרכז רפואי מאיר - כפר סבא,2026-06-07,https://jobs.clalitapps.co.il/clalit/redmatch-apply/redmatch.apply.html?compPositionID=43279,עבודה סוציאלית,,"למרכז הרפואי מאיר דרוש/ה עובד/ת סוציאלי/ת למשרה חלקית תאור התפקיד : ביצוע טיפול סוציאלי פרטני, משפחתי או קבוצתי למטופלים ו/או משפחותיהם הזקוקים לסיוע בתחום האישי, החברתי, הכלכלי והנפשי כתוצאה ממחלה יוזמה או קבלת פניות ממקורות כגון צוות רפואי, מוסדות רפואיים, קהילה ואחרים לגבי הנזקקים לטיפול בנושאים שבמסגרת האחריות איסוף נתונים הקשורים לכל מטופל ממקורות רלבנטיים, בהתאם לצורך, קיום שיחות עם המטופל ומשפחתו לאיתור והבהרה של צרכי המטופל והטיפול הנדרש בהתערבות הפסיכו סוציאלית קיום שיחות עם המטופל ומשפחתו לאיתור והבהרה של צרכי המטופל והטיפול הנדרש קשר עם גורמים קהילתיים למיצוי זכויות המטופל, בהתאם לצורך קשר שוטף עם הצוות הרב מקצועי בתחום הקליני לשם עדכון והדרכה הדדית ביצוע תוכנית הטיפול שהותוותה תוך תיאום עם הגורמים הרלוונטיים מעקב אחר ביצוע תוכנית הטיפול ביצוע רישום מדויק של כל הפעולות כנדרש בסעיף 17 לחוק זכויות החולה ביצוע תפקידים נוספים, בתחום המקצועי, עפ""י הוראות מנה ל היחידה לעבודה סוציאלית בביה""ח דרישות התפקיד: תואר ראשון בעבודה סוציאלית, תואר שני - יתרון רישיון עיסוק בעבודה סוציאלית, רישום בפנקס העובדים הסוציאליים שליטה מלאה בשפה העברית יכולת בין אישיות טובות ויכולת עבודה בצוות רב מקצועי גמישות מחשבתית ויכולת עבודה בלחץ יכולת עבודה ממוקדת, התערבות לטווח קצר/ארוך יכולת הבעה בכתב ובע""פ הנחיית קבוצות יתרון * תינתן עדיפות למועמדים/ות עם מוגבלויות"
הנדסאי/ת אחזקה,מחוז תל אביב יפו,"תל אביב, חולון, בת ים",2026-06-07,https://jobs.clalitapps.co.il/clalit/redmatch-apply/redmatch.apply.html?compPositionID=49730,אחזקה ולוגיסטיקה,,"למחוז תל אביב - יפו דרוש/ה הנדסאי/ת אחזקה תיאור התפקיד: אחריות מקצועית ותפעולית על מערכות מבנים ותשתיותיהם בפריסה מחוזית רחבה (כ-83 מרפאות) התפקיד כולל הובלת קבלנים, ניהול תוכניות אחזקה ומענה מהיר לאירועי שבר וחירום, תוך שמירה על רציפות הטיפול הרפואי ועמידה מלאה בדרישות החוק והבטיחות ניהול ופיקוח קבלנים : ניהול שוטף של קבלני שירות בינוי ומערכות בשטח, בקרת איכות הביצוע, ליווי שלבי מסירת העבודה, בדיקה ואישור חשבונות וכתבי כמויות ניידות ומענה מבוזר : מעבר רציף בין מרפאות המחוז, ניהול מענה לתקלות שבר דחופות ושימוש כסמכות מקצועית עליונה עבור מנהלי המרפאות בשטח מעקב ובדיקות רגולטוריות : ניהול ומעקב אחר בדיקות תקופתיות עפ""י חוק ונהלי הארגון (כיבוי אש, מ""א, חשמל, מעליות, גנרטורים) והכנת האתרים לביקורות רשמיות רכש והתקשרויות : עריכה וסיוע בהכנת מפרטים טכניים וכתבי כמויות לצורך התקשרויות עם קבלנים וספקים, ובחינת הצעות מחיר תיעוד ובקרה : פיקוח על עמידת קבלנים בנהלי עבודה ובטיחות, תיעוד משימות במערכת אחזקה ממוחשבת ( CMMS ) תפעול אירועי חירום ( גילוי אש ): ניהול אירועי אש והתראות גילוי אש מקצה לקצה בזמן אמת (הנחיית צוותים, הזנקת קבלנים ותיאום מול כוחות הביטחון וההצלה) דרישות התפקיד: תואר הנדסאי/ת חשמל/אזרחי/מכונות - חובה ניסיון מקצועי של 3 שנים לפחות באחזקת/הקמת/ביצוע מבנים ומערכות אלקטרומכניות (חשמל, מ""א, אינסטלציה) חובה (ניסיון במוסדות רפואיים או בניהול רשת אתרים מבוזרת - יתרון משמעותי) רישיון חשמלאי/ת מוסמך/ת / ראשי/ת - יתרון משמעותי, רקע/השכלה בחשמל - חובה רישיון נהיגה בתוקף ונכונות לנסיעות מרובות במחוז זמינות מלאה וכוננות להקפצות ואירועי חירום ( כולל לילות , סופי שבוע וחגים) - חובה קריאת תוכניות, שליטה ביישומי Office (בדגש על Excel ) והיכרות עם מערכות אחזקה ממוחשבות יכולות ניהול משימות באופן עצמאי, יצירתיות בפתרון בעיות, יכולת תיעדוף משימות, קבלת החלטות בזמן אמת תודעת שירות גבוהה, יחסי אנוש מעולים, כישורי ניהול קבלנים וספקים *תינתן עדיפות למועמדים/ות עם מוגבלויות"
קלינאי/ת תקשורת,מחוז שרון שומרון,"חדרה, זכרון יעקב, נתניה וטייבה",2026-06-07,https://jobs.clalitapps.co.il/clalit/redmatch-apply/redmatch.apply.html?compPositionID=49732,קלינאות תקשורת,,"דרוש/ה קלינאי/ת תקשורת למכונים להתפתחות הילד בחדרה,זכרון יעקב, נתניה וטייבה תיאור התפקיד: ביצוע אבחונים לתינוקות ולילדים עד גיל 9 בתחומי שפה, תקשורת, דיבור ואכילה אבחון והערכה של שפה, היגוי, קול, הפרעות בקצב הדיבור, בעיות פונקציונאליות ואורגניות קביעת תוכנית טיפולית וטיפול בהתאם לממצאי האבחון/הערכה לקיחת חלק פעיל בעבודת צוות מקצועי ורב מקצועי השתתפות בימי עיון והשתלמויות, התעדכנות בחידושים מקצועיים אפשרות להשתתפות בפרויקטים ובמחקרים דרישות התפקיד : תואר ראשון בקלינאות תקשורת רשיון עיסוק במקצוע - תעודת הכרה במעמד של משרד הבריאות עברית ברמת שפת אם שליטה באנגלית כדי קריאת ספרות מקצועית כושר הבעה בכתב ובעל פה יכולת עבודה בסביבה ממוחשבת יחסי אנוש טובים ויכולת עבודה בצוות עדיפות לניסיון בתחום התפתחות הילד/עבודה עם ילדים בגיל הרך *תינתן עדיפות למועמדים/ות עם מוגבלויות"
פסיכולוג/ית מומחה/ית,מחוז מרכז,אשדוד,2026-06-07,https://jobs.clalitapps.co.il/clalit/redmatch-apply/redmatch.apply.html?compPositionID=49727,פסיכולוגיה,,"למרפאת בריאות הנפש לילדים ונוער באשדוד דרוש/ה פסיכולוג/ית קליני/ית מומחה/ית העבודה במרפאות כוללת השתייכות לצוות רב מקצועי, חשיפה למגוון גישות טיפוליות ופסיכופתולוגיות רחבות ואפשרות לשלב עבודה פרטנית, קבוצתית, התערבות במשבר וראיון קליני לאוכלוסייה העבודה כמומחה/ית במחוז כוללת השתלבות בישיבות צוות וחשיבה קלינית משותפת מעמיקה, סמינר תיאורטי, הכשרות והשתלמויות בתוך המרפאה וכחלק מהמחוז וכללית וכן למידה ומעטפת קלינית עשירה ישנן גם הזדמנויות לגדילה לתפקידי ניהול ואחריות שונים וכן אפשרות להסמכה להדרכה תנאי השכר מתגמלים בהתאם להסכמי השכר החדשים תיאור התפקיד: ביצוע ראיונות ואבחונים פסיכולוגיים וקביעת תוכנית טיפולית ביצוע טיפולים פרטניים, קבוצתיים, זוגיים או משפחתיים השתתפות בישיבות צוות רב מקצועי והצגת ההיבט המקצועי בתחומי האבחון והטיפול הפסיכולוגיים קשרים עם גורמים מקצועיים שונים בתוך ומחוץ לארגון (צוות רפואי, מוסדות חינוך, גורמי רווחה) אפשרות ליזום ולהשתתף במחקרים פסיכולוגיים השתתפות בימי עיון, בהשתלמויות מקצועיות ובהדרכת סטודנטים דרישות התפקיד : תואר שני לפחות בפסיכולוגיה רישום כפסיכולוג/ית מומחה/ית בפנקס הפסיכולוגים של משרד הבריאות יחסי אנוש טובים ויכולת עבודה בצוות *תינתן עדיפות למועמדים/ות עם מוגבלויות"
עובד/ת סוציאלי/ת דובר/ת ערבית,מחוז מרכז,רמלה,2026-06-07,https://jobs.clalitapps.co.il/clalit/redmatch-apply/redmatch.apply.html?compPositionID=49726,עבודה סוציאלית,,"למכון התפתחות הילד ברמלה דרוש/ה עובד/ת סוציאלי/ת דובר/ת ערבית תיאור התפקיד: עבודה אבחונית וטיפולית בצוות רב מקצועי אבחון פסיכו-סוציאלי טיפול דיאדי, טיפול משפחתי וטיפול קבוצתי עבודה טיפולית עם הורים דרישות התפקיד: תואר ראשון ושני בעבודה סוציאלית נסיון טיפולי עם הורים וילדים - יתרון תעודת פסיכותרפיה/טיפול משפחתי - יתרון *תינתן עדיפות למועמדים/ות עם מוגבלויות"
סגנ/ית מנהל/ת מטבח,מרכז רפואי מאיר,שרון,2026-06-07,https://jobs.clalitapps.co.il/clalit/redmatch-apply/redmatch.apply.html?compPositionID=49724,רוקחות,,"למרכז הרפואי מאיר דרוש/ה סגנ/ית מנהל מטבח תיאור התפקיד: סיוע בניהול המטבח ובביצוע משימות המטבח השונות אחריות על חדר חלוקת המזון, הכנת ארוחות ע""פ הדיאטות, כמויות כלים נכונות, פס תקין ועוד עבודה שוטפת מול שף וסגן שף בדיקת טיב והתאמה כמותית של ההספקה, אחריות לספירת מלאי חודשית של כלי ההגשה ביצוע בקרה במטבח ובמחלקות לגבי טיב המזון, הכמות וכלי האוכל אחריות לחלוקת האוכל למחלקות לאחסון העודפים במחסני הקירור אחריות על עבודות הניקיון ועל אחזקת תקלות במטבח ובחדר האוכל (כלים, רצפות וכו') אחריות למשמרת ערב בהוצאת הארוחה למחלקות ולחדר האוכל ניהול העובדים במחלקות, ניהול אחראי המשמרת, בדיקת נוכחות הצוות והכנת סידור העבודה מילוי מקומו של מנהל המטבח בעת הצורך דרישות התפקיד: בוגר/ת קורס מנהלי משק, או הסמכה במקצועות בכלכלת הבית, או בוגר/ת המדרשה לתזונה, או השכלה מקבילה בחו""ל - חובה 12 שנות לימוד - חובה יתרון להשכלה אקדמית בתחומי המזון או במנהל עסקים יתרון משמעותי לניסיון בהסעדה המונית - מטבח מוסדי כושר פיקוח על צוות עובדים ידיעת השפה העברית על בוריה, רצוי שפה לועזית נוספת *תינתן עדיפות למועמדים/ות עם מוגבלויות"
עובד/ת מטבח וחדר אוכל,מרכז רפואי לשיקום לוינשטיין,רעננה,2026-06-07,https://jobs.clalitapps.co.il/clalit/redmatch-apply/redmatch.apply.html?compPositionID=49661,אחזקה ולוגיסטיקה,,"למרכז רפואי לשיקום לוינשטיין דרוש/ה עובד/ת מטבח וחדר אוכל- החלפה לחל""ד משרה מלאה, ימים א'-ה', 07:00-15:00 עם נכונות לשעות נוספות תיאור התפקיד: ביצוע עבודות עזר במטבח ביה""ח סיוע בעבודות שאינן מקצועיות במטבח, במרכז החלוקה ובחדר האוכל ביצוע עבודות הכנה לעיבוד מזון ובישולו כגון: שטיפת ירקות וקילופם, חיתוך מזון סיוע לצוות הבישול במטלות בישול סיוע בחלוקת מזון במערכת החלוקה ובחדר האוכל ביצוע עבודות ניקיון של כלי בישול, כלי הגשה וסביבת הבישול במטבח, במרכז החלוקה, חדר האוכל וחדרי השטיפה סיוע בחלוקת המצרכים במחסן המזון וחדרי הקירור, ומבצע עבודות סדר וניקיון בהם ביצוע העבודה תוך הקפדה על כלי הניקיון, תברואה, היגיינה בטיחות וכשרות ביצוע תפקידים נוספים, ע""פ הוראות הממונה דרישות התפקיד: השכלה יסודית ידיעת השפה העברית יחסי אנוש טובים * תינתן עדיפות למועמדים/ות עם מוגבלויות"
רופא/ה מומחה/ית בפסיכיאטריה- Loewenstein Rehabilitation Medical Center recruiting a psychiatrist M.D,מרכז רפואי לשיקום לוינשטיין,רעננה,2026-06-07,https://jobs.clalitapps.co.il/clalit/redmatch-apply/redmatch.apply.html?compPositionID=47831,רפואה,,"תיאור התפקיד : ביצוע אבחונים וגיבוש תוכניות טיפול וטיפולים בחולים במחלקה ו / או במרפאה השתתפות בישיבות ובדיונים בנושאים מקצועיים או למקרים פרטניים השתתפות בוועדות שונות בבית החולים העברת מידע רפואי בכתב או בעל פה בהתאם לדרישות ולנהלים קשרי עבודה עם גורמים שונים בבית החולים ועם גורמים חיצוניים: ייעוץ והיוועצות, אקדמיה, גורמי טיפול בקהילה ועוד ביצוע פעילות אקדמית של הדרכה ומחקר במסגרת מוסד אקדמי השתלבות במערך התורנויות והכוננויות במוסד ובמחלקה בהתאם לתוכניות הסכמים וצרכים פגישות עם מטופלים ובני משפחה לאיסוף ומתן של מידע בהתאם לחוק זכויות החולה התעדכנות מקצועית באופן שוטף באמצעות ספרות מקצועית אינטרנט כנסים השתלמויות ועוד ביצוע מטלות נוספות בתחום המקצועי לפי הוראות הממונה דרישות התפקיד : תואר ברפואה M.D רישיון ישראלי לעסוק ברפואה תעודת מומחה/ית בפסיכיאטריה ידע מקצועי נרחב ועדכני בתחום הפעילות המקצועית והמומחיות הכרת החוקים התקנות והנהלים הרלוונטיים ידע בהפעלת מערכות מחשב רלוונטיות ידיעה טובה של השפה העברית ידיעה טובה של השפה האנגלית, כדי קריאת ספרות מקצועית לפחות יתרון לשפות נוספות (דיבור) הקפדה על פרטים ודיוק מקצוענות אבחנתית וביצועית ויכולת שיתוף פעולה בצוות * תינתן עדיפות למועמדים/ות עם מוגבלויות"
משנע/ת רפואי/ת,מרכז רפואי לשיקום לוינשטיין,רעננה,2026-06-07,https://jobs.clalitapps.co.il/clalit/redmatch-apply/redmatch.apply.html?compPositionID=48459,אחזקה ולוגיסטיקה,,"למרכז רפואי לשיקום לוינשטיין דרוש/ה משנע/ת ומסייע/ת רפואי/ת למרכז הרפואי לשיקום לוינשטיין העבודה כחלק מצוות בכפיפות למנהל המוקד 75% משרה ימים א'-ה', שעות עבודה 08:00-14:00 עם נכונות לשעות נוספות עד השעה 17:00 ימי שישי לסירוגין 08:00-12:00 תיאור התפקיד : שינוע מטופלים ממחלקות האשפוז לאולמות הטיפולים ובחזרה למחלקות האשפוז העברת ציוד ופריטים שונים הדרושים לטיפול במטופלים, בהתאם להנחיות צוות המטפל ודרישות המוקד השגחה בקבוצות השונות, חדר כושר, קבוצת הליכה וכו ' עזרה ותמיכה במחסן ציוד בפיזיותרפיה סיוע ועזרה באולמות הטיפולים לצוות המטפלים החלפת והשלמת אמצעי איזולציה הנצרך במידת הצורך העברת מטופלים מכיסאות הגלגלים למיטת הטיפול ובחזרה בהתאם להנחיות הרמה/הנפה של מטופל באמצעות מנוף חשמלי/ידני - דורש הסמכה שותף בהיערכות המרכז הרפואי לאירוע שעת חירום דרישות התפקיד : 10 שנות לימוד יחסי עבודה ותודעת שירות גבוהה הופעה מאורגנת ומסודרת כשירות תעסוקתית לתפקיד הנוכחי שליטה בשפה העברית - קריאה וכתיבה ידע בסיסי בהפעלת מחשב גמישות, יכולת עבודה אחה""צ וימי שישי * תינתן עדיפות למועמדים.ות עם מוגבלויות"
מנהל/ת פרויקטים הנדסיים,מרכז רפואי אוניברסיטאי סורוקה,באר שבע,2026-06-07,https://jobs.clalitapps.co.il/clalit/redmatch-apply/redmatch.apply.html?compPositionID=49723,אחזקה ולוגיסטיקה,,"למרכז הרפואי סורוקה דרוש/ה מנהל/ת פרויקטים הנדסיים תיאור התפקיד: ניהול וליווי פרויקטים הנדסיים - החל משלב התכנון, דרך הביצוע ועד למסירה תיאום בין גורמים מקצועיים: יועצים, קבלנים, ספקים, מנהלי מחלקות וגופים רגולטוריים אחריות לניהול תקציבי פרויקטים - תכנון, מעקב ובקרה הכנת מפרטים טכניים, כתבי כמויות, וביצוע מכרזים רלוונטיים פיקוח על עבודות תשתית, חשמל, מיזוג אוויר, אינסטלציה, בינוי ושיפוצים הקפדה על עמידה בתקנים הנדסיים, בטיחותיים וסביבתיים ייזום פרויקטים לשיפור מערכות ותשתיות קיימות ניהול ממשקי עבודה עם רשויות, ספקים וגורמי פנים בארגון השתתפות בתכנון רב-שנתי בתחום הנדסה ואחזקה דרישות התפקיד: תואר ראשון בהנדסת מכונות/ חשמל ניסיון מוכח בניהול פרויקטים הנדסיים שליטה בתוכנות ניהול פרויקטים ובכלי Office היכרות עם תקנים ונהלים בתחום הבנייה והבטיחות יכולת ניהול ותכלול גבוהה של מספר גורמים במקביל ראייה מערכתית ויכולת קבלת החלטות מושכלת מיומנויות תקשורת, שירותיות ועבודת צוות עמידה בלוחות זמנים, אחריות ודיוק בביצוע * תינתן עדיפות למועמדים/ות עם מוגבלויות"
הנדסאי/ת בינוי,מרכז רפואי מאיר,מרכז רפואי מאיר- כפר סבא,2026-06-07,https://jobs.clalitapps.co.il/clalit/redmatch-apply/redmatch.apply.html?compPositionID=48428,מנהל ומטה,,למרכז הרפואי מאיר דרוש/ה הנדסאי/ת בינוי תיאור התפקיד: ניהול מספר פרויקטים במקביל ניהול קבלנים/קבלני משנה ניהול יועצים ואינטגרציה של מערכות בינוי כתיבת מפרטים וכתבי כמויות פיקוח על ביצוע פרויקטים ניהול תקציבים משלב תכנון עד גמר ביצוע ניהול לוחות זמנים ניהול איכות ביצוע דרישות התפקיד: הנדסאי/ת בניין ניסיון בניהול פרויקטי בינוי שליטה מלאה בקריאת תוכניות ומפרטים ניסיון בניהול פרויקטים במערכות בריאות ו/או תעשייה נקייה - יתרון משמעותי עבודה במערכות ציבוריות- יתרון יכולת לימוד עצמית כושר ניהול וארגון. יכולת ניהול משא ומתן. יכולת קבלת החלטות. ידע ויכולת עבודה על תוכנות מחשב יחסי אנוש מעולים ויכולת עבודה בצוות *תינתן עדיפות למועמדים/ות עם מוגבלויות
ממונה על בטיחות ובטיחות אש,מרכז רפואי רבין,גוש דן,2026-06-07,https://jobs.clalitapps.co.il/clalit/redmatch-apply/redmatch.apply.html?compPositionID=48300,אחזקה ולוגיסטיקה,,"לבית החולים בילינסון דרוש/ה ממונה/ת בטיחות ובטיחות אש למשרה מלאה, ימים א -ה, 08:00-16:00 תיאור התפקיד: ייעוץ למעביד בכל הנוגע לחוקים, לתקנות ולתקנים בענייני בטיחות ובטיחות אש, סיוע לו ולאנשי צוות הניהול והתכנון בנוגע לבטיחות גיהות, הנדסת אנוש ובריאות תעסוקתית של העובדים קידום תודעה בנושאים שונים בתחום הבטיחות כולל ביצוע הדרכות פרונטליות או בניית מצגות בנושא בטיחות על היבטיה השונים כל פעילות הנגזרת מהגדרת תפקיד ממונה/ת בטיחות כרשום בתקנות פיקוח על קבלנים בתחומים שונים כגון בניה, אש, בטיחות פיזית וכו' עבודה מול ספקי שירות חיצוניים ביצוע מבדקי בטיחות וסקרי סיכונים ביצוע בקרה על יישום ותיקון ליקויים ביצוע בדיקת נסיבות אירועי בטיחות - חקירת תאונות ו/או כמעט ונפגע השתתפות בישיבות ובוועדות בנושאי בטיחות שונים ביצוע בקרה על נושאי בטיחות שונים המטופלים ע""י גורמי פנים וחיצוניים שונים ביצעו הדרכות בטיחות בנושאים שונים כתיבת הוראות ונהלי בטיחות דרישות התפקיד: תעודת כשירות ממונה/ת בטיחות בעבודה בתוקף - חובה הנדסאי/ת חשמל/כימיה/ אלקטרוניקה וכדומה - חובה הכשרה ממונה/ת בטיחות אש - יתרון הכשרה בנושא גהות - יתרון תעודת כשירות להכנת תוכנית בטיחות - יתרון ניסיון של שנה לפחות בתחום הבטיחות עבודת שטח משולבת עבודה בשיתוף גורמים שונים כגון: אחזקה, גורמים אדמיניסטרטיביים ורפואיים שונים, הנדסה , ספקי שירות חיצוניים ידע ביישומי OFFICE כחלק מתפקיד ממונה/ת בטיחות נדרשת זמינות בשעות שמעבר לשעות העבודה הרגילות במקרה של אירוע חירום או ביצוע פעילות של פרויקטים עתירי סיכון *תינתן עדיפות למועמדים/ות עם מוגבלויות"
עובד/ת מעבדה לגנטיקה מולקולרית,מרכז רפואי רבין,גוש דן,2026-06-07,https://jobs.clalitapps.co.il/clalit/redmatch-apply/redmatch.apply.html?compPositionID=48810,מעבדות רפואיות,,"לבית חולים בילינסון דרוש/ה עובד/ת מעבדה לגנטיקה מולקולרית למשרה מלאה תיאור התפקיד: קליטת דגימות מהגורמים המפנים וביצוע הבדיקות הנדרשות הפעלת מערכות אבטחת איכות מתקדמות כחלק משגרת העבודה עיבוד נתוני הבדיקות והפצת תוצאותיהן לצוותים הרפואיים דרישות התפקיד: תואר ראשון - מדעי המעבדה הרפואית, ביוכימיה, ביוטכנולוגיה, גנטיקה, הנדסת ביוטכנולוגיה, חקלאות, כימיה, מדעי החיים, מדעי הרפואה, רוקחות, רפואה, רפואה וטרינרית, תזונה תעודת הכרה במעמד עובד מעבדה רפואית אקדמאי (רישיון עיסוק) מטעם משרד הבריאות ידיעת השפה העברית על בוריה ידיעת השפה האנגלית כדי קריאת ספרות מקצועית כושר ביטוי בכתב ובעל-פה יחסי אנוש טובים ויכולת עבודה בצוות *תינתן עדיפות למועמדים/ות עם מוגבלויות"
עובד/ת מעבדה,מרכז רפואי רבין,פתח תקוה,2026-06-07,https://jobs.clalitapps.co.il/clalit/redmatch-apply/redmatch.apply.html?compPositionID=47364,מעבדות רפואיות,,"לבית חולים בילינסון דרוש/ה עובד/ת מעבדה לפתולוגיה/הסטולוגית היקף משרה- 100% תיאור התפקיד : קליטת דגימות מהגורמים המפנים וביצוע הבדיקות הנדרשות ברמה מקצועית מיטבית ועל פי נהלי המעבדה. הפעלת מערכות אבטחת איכות מתקדמות כחלק משגרת העבודה. עיבוד נתוני הבדיקות והפצת תוצאותיהן לצוותים הרפואיים. דרישות התפקיד: תואר שני במדעי החיים תעודת הכרה במעמד עובד מעבדה רפואית אקדמאי (רשיון עיסוק) מטעם משרד הבריאות - יתרון ניסיון עבודה בשיטות מולקולאריות (RNA/DNA, ביצוע NGR ו- FISH) - חובה ידיעת השפה העברית על בוריה. ידיעת השפה האנגלית כדי קריאת ספרות מקצועית. יכולת עבודה בצוות עבודה ברמת דיוק גבוהה יכולת עבודה תחת לחץ ועומס * תינתן עדיפות למועמדים/ות עם מוגבלויות"
עובד/ת אחזקה,בית חולים בית רבקה – מרכז רפואי גריאטרי שיקומי,פתח תקווה,2026-06-03,https://jobs.clalitapps.co.il/clalit/redmatch-apply/redmatch.apply.html?compPositionID=49550,אחזקה ולוגיסטיקה,,"למרכז הרפואי גריאטרי בית רבקה דרוש/ה עובד/ת אחזקה בדק בית תיאור תפקיד: איתור תקלות ובעיות ,ביצוע בקרה של המרחב הפנימי והחיצוני של המבנה ושל מערכות הציוד שלו לשם איתור תקלות לתיקון, או קבלת דיווחים על תקלות ובעיות במבנה ניטור הפעולה של מערכות הציוד של המבנה (חימום, חשמל, ביטחון, וכדומה), לשם איתור בעיות התקנת ציוד/מכשור חדש במבנה, או ליווי וסיוע לכך, ווידוא פעילותו התקינה ביצוע תחזוקה מונעת של המבנה ומערכות בו על פי תוכנית והנחיות הממונים ביצוע תחזוקה שוטפת של המבנה (תיקונים קטנים), בהתאם למיומנות אישית, לתיקון ליקויים ובעיות (סתימות, תיקוני חרסינה קטנים, תיקוני שרברבות קטנים, וכדומה) ניטור גישה לאזורים מוגבלים במבנה (גג, חדר טלקומוניקציה, וכד') ושמירה על בטיחותם ונגישות להם תגובה לקריאות חירום של המשתמשים במבנה (הפסקות חשמל, שטפונות, שריפות, וכד') פיקוח על עבודת קבלנים ועובדי תחזוקה חיצוניים תיועד ודיווח על פעילות, רישום פעולות אחזקה, דיווח על בעיות ותקלות (בעיקר, אלו שמעבר לטיפול האישי), דיווח לממונים על פי נהלים ודרישה קשרי עבודה עם המשתמשים בבנין ועם קבלני תחזוקה ושירותים חיצוניים דרישות התפקיד: השכלה תיכונית חלקית (10 - 11 שנות לימוד) הכשרה מתאימה בתחום רצויה תעודת סיום הכשרה מתאימה בתחום רצוי ניסיון קודם בתחום מטלות התפקיד ידע מקצועי בתחום הפעילות בעיסוק ידיעת תקנות ונהלים בתחומי הפעילות הכרת המבנה ומערכותיו ידיעה בינונית ומעלה של השפה העברית (כולל כתיבת דיווחים) הבנה טכנית יכולת טכנית מעשית יכולת יישום יכולת תפקוד במצבי לחץ תקשורת בינאישית טובה נכונות מתן שירות פעילות נאותה ללא פיקוח אמינות *תינתן עדיפות למועמדים/ות עם מוגבלויות"
עובד/ת אחזקה - מיזוג אוויר וקירור,בית חולים בית רבקה – מרכז רפואי גריאטרי שיקומי,פתח תקווה,2026-06-03,https://jobs.clalitapps.co.il/clalit/redmatch-apply/redmatch.apply.html?compPositionID=48879,אחזקה ולוגיסטיקה,,"למרכז הרפואי - גריאטרי בית רבקה דרוש/ה עובד/ת אחזקה תיאור התפקיד: שותפות להפעלת מערכות מיזוג אויר של בית החולים באמצעים ידניים או באמצעות מערכת לניהול אנרגיה שותפות להפעלת חדרי קירור, מקררים רגילים ומקררים לטמפרטורות נמוכות ביצוע תיקונים במערכות מיזוג אויר וקירור, לרבות מזגנים ומשאבות ביצוע מטלות נוספות בהתאם להנחיות הממונה דרישות התפקיד: בוגר/ת בי""ס מקצועי במגמת מיזוג אויר וקירור טכנאי/ת מיזוג אויר וקירור - יתרון רשיון חשמלאי/ת שירות, בתחום מערכות קירור ומיזוג אויר (משרד התמ""ת) ניסיון של 5 שנים לפחות באחזקה ובתפעול מערכות שליטה מלאה בשפה העברית כדי כתיבה והגשת דיווחים ידיעת שפה נוספת לקריאת חומר טכני *תינתן עדיפות למועמדים/ות עם מוגבלויות"
פיזיותרפיסט/ית,בית חולים בית רבקה – מרכז רפואי גריאטרי שיקומי,פתח תקווה,2026-06-03,https://jobs.clalitapps.co.il/clalit/redmatch-apply/redmatch.apply.html?compPositionID=48909,פיזיותרפיה,,"למרכז רפואי שיקומי גריאטרי בית רבקה דרוש/ה פיזיותרפיסט/ית - 70% משרה תיאור התפקיד: אבחון, הערכה וקביעת תוכנית התערבות מקצועית למטופל ביצוע טיפולים אישיים או קבוצתיים בהתאם לצרכים הרפואיים של המטופלים הדרכת המטופל לתרגול עצמי התאמת אביזרי עזר למטופלים בהתאם לצורך מעקב אחר התקדמותו של המטופל, דיווח והתערבות בהתאם לצורך השתתפות בישיבות הצוות ובדיונים הקשורים למטופלים השתתפות בישיבות צוות רב מקצועי והדרכות הצוות בנושאים מתחום הפיזיותרפיה השתתפות בעריכת מחקרים ובהדרכת סטודנטים מהחוגים לפיזיותרפיה השתתפות בפעילויות לחינוך וקידום בריאות של מטופלים, כגון סדנאות והרצאות דרישות התפקיד : תואר ראשון בפיזיותרפיה תעודת עיסוק בפיזיותרפיה, של משרד הבריאות שליטה בשפה העברית ידיעת השפה האנגלית כדי קריאת ספרות מקצועית יחסי אנוש טובים ויכולת עבודה בצוות *תינתן עדיפות למועמדים/ות עם מוגבלויות"
מרפא/ה בעיסוק,בית חולים בית רבקה – מרכז רפואי גריאטרי שיקומי,פתח תקווה,2026-06-03,https://jobs.clalitapps.co.il/clalit/redmatch-apply/redmatch.apply.html?compPositionID=47173,ריפוי בעיסוק,,"דרוש/ה מרפא/ה בעיסוק במחלקות לשיקום גריאטרי - משרה חלקית, החלפה לחופשת לידה תיאור התפקיד: אבחון והערכה, קביעת תוכנית התערבות מקצועית, טיפול, ייעוץ והדרכה למטופל, למשפחתו ולצוות המטפל השתתפות בישיבות צוות מקצועי ורב מקצועי קשרים מקצועיים ויצוג היחידה בצוות רב מקצועי ממשקי עבודה עם גורמים רלוונטים בבית החולים ובקהילה רכישת ידע ועדכון במיומניות מקצועיות אפשרות להשתתפות בקבוצות מחקר בריפוי בעיסוק ובמגוון תחומים ברפואה אפשרות להשתתפות בצוותים חוצי ארגון העוסקים בפיתוח תכניות התערבות חדשניות דרישות התפקיד: תואר ראשון בריפוי בעיסוק תעודת מרפא/ה בעיסוק מטעם משרד הבריאות שליטה מלאה בעברית, ושליטה באנגלית כדי קריאת ספרות מקצועית רלוונטית יחסי אנוש טובים, יכולת עבודה בצוות יוזמה ופרו-אקטיביות ללמידה ולעשייה מקצועית *תינתן עדיפות למועמדים/ות עם מוגבלויות"
פקיד/ת מרפאה,מחוז שרון שומרון,צור יצחק,2026-06-03,https://jobs.clalitapps.co.il/clalit/redmatch-apply/redmatch.apply.html?compPositionID=49721,מנהל ומטה,,"הצטרפו לארגון הבריאות המוביל בישראל למרפאה בצור יצחק דרוש/ה פקיד/ת מרפאה בחצי משרה + נכונות לשעות נוספות 4 ימים בשבוע 8:00-12:00/13:00 יום אחד בשבוע 16:00-19:00 ימי ו' לסירוגין בין השעות 8:00-12:00 תנאים מעולים! תיאור התפקיד: מתן שירות פרונטלי וטלפוני ללקוחות המרפאה בנושאים אדמיניסטרטיביים קביעת תורים לרפואה ראשונית ויועצת והכוונת הלקוחות לשירותים הרפואיים המתאימים מתן מידע על זכויות המגיעות ללקוחות בהתאם לסל השירותים טיפול בנושאי גבייה והחזרים כספיים ללקוחות המרפאה טיפול בקליטת לקוחות חדשים במרפאה מתן שירות אדמיניסטרטיבי לגורמים בתוך המרפאה: רופאים, אחיות, רוקחים, ובעלי מקצוע נוספים שותפות בהשגה ובמימוש יעדי המרפאה בתחומי השירות, האיכות הרפואית, גיוס לקוחות, שיווק שירותים ועוד דרישות התפקיד: תעודת בגרות מלאה - חובה ניסיון בתפקידי שירות ומכירה - יתרון תודעת שירות גבוהה יחסי אנוש טובים, שיתוף פעולה בצוות יכולת עבודה בסביבה ממוחשבת יכולת עבודה בתנאי לחץ ועומס שליטה בשפה העברית, שליטה בשפה נוספת - יתרון כושר הבעה גבוה בכתב ובע""פ *תינתן עדיפות למועמדים/ות עם מוגבלויות"
עובד/ת סוציאלי/ת,מחוז תל אביב יפו,בת ים,2026-06-03,https://jobs.clalitapps.co.il/clalit/redmatch-apply/redmatch.apply.html?compPositionID=49718,עבודה סוציאלית,,"למרפאה לבריאות הנפש בבת ים דרוש/ה עובד/ת סוציאלי/ת - 50% משרה הזדמנות להשתלב בעבודה מקצועית ומשמעותית בצוות רב־מקצועי מוביל בתחום בריאות הנפש הדרכה מקצועית פרטנית וקבוצתית סביבת עבודה לומדת ותומכת שעות עבודה גמישות (בוקר ואחה""צ) אפשרות להתפתחות מקצועית תיאור התפקיד: טיפול במטופלים במסגרת מרפאה לבריאות הנפש עבודה בצוות רב־מקצועי השתתפות בהדרכה פרטנית וקבוצתית עבודה מגוונת בסביבה דינמית ותומכת דרישות התפקיד: תואר שני בעבודה סוציאלית - עדיפות להכשרה קלינית הכשרה בפסיכותרפיה - יתרון משמעותי ניסיון בתחום בריאות הנפש יכולת עבודה בצוות לצד עצמאות מקצועית *תינתן עדיפות למועמדים/ות עם מוגבלויות"
מזכיר/ה אישי/ת,מחוז תל אביב יפו,תל אביב,2026-06-03,https://jobs.clalitapps.co.il/clalit/redmatch-apply/redmatch.apply.html?compPositionID=48129,מנהל ומטה,,"למרכז רפואי גדול בתחום בריאות הנפש (הנמצא ברח' הצבי 9, תל-אביב) דרוש/ה מזכיר/ה אישי/ת למנהל המרכז הרפואי 50% משרה בין השעות: 8:00-12:00 / 9:00-13:00 ימים א'-ה' תיאור התפקיד: תיאום פגישות מרובות משתתפים ניהול יומן מורכב ריכוז תחומים שונים כגון חירום, ניהול סיכונים, בקרות ועוד עבודה משרדית ואדמיניסטרטיבית שוטפת דרישות התפקיד: יחסי אנוש מצויינים רמת שירות גבוהה תקתקנות וראש גדול - חובה תואר ראשון - יתרון משמעותי *תינתן עדיפות למועמים/ות עם מוגבלויות"
מחסנאי/ת,מחוז מרכז,"קרית מלאכי, ראשל""צ",2026-06-03,https://jobs.clalitapps.co.il/clalit/redmatch-apply/redmatch.apply.html?compPositionID=49717,אחזקה ולוגיסטיקה,,"לכללית מחוז מרכז דרוש/ה מחסנאי/ת למישרה מלאה התפקיד משלב בין עבודה במחסן הנמצא בקרית מלאכי לבין מחסנים הנמצאים בראשון לציון ונס ציונה (לפחות יום אחד בשבוע). תיאור התפקיד : קבלת סחורה מספקים ניפוק וקליטת טובין עפ""י תקן/ דרישה. הכנת שובר ניפוק, ליקוט והעברת הטובין עפ""י הנהלים ניהול מלאי המחסן עפ""י הנהלים המקצועיים ביצוע בדיקות קבלה כמותיות ואיכותיות, להבטחת תקינות בטובין הפרדת פריטים לא תקינים וספירות מלאי מדגמיות איחסון טובין עפ""י נהלים וכללים מקצועיים סידור מדפים לפי איתור ו - FIFO ארגון וסידור המחסן ושמירה על סדר, ניקיון ומעברים פנויים בקרה על מלאים כולל ניהול החזרות פגי תוקף , ספירות אינוונטר ביצוע עבודה ע""פ הנהלים. היכרות עם תיק הנהלים והוראות העבודה, התעדכנות וביצוע רענון ידע בתחום דרישות התפקיד: השכלה אקדמית - יתרון תעודת בגרות /מקצועית ניסיון קודם בעבודת מחסן - יתרון דייקנות יוזמה כישורי למידה הכרת מערכת ה SAP - יתרון שליטה ביישומי Office (בעיקר אקסל) ומערכות מידע יחסי אנוש מעולים ותודעת שירות גבוהה יכולת עבודת בצוות *תינתן עדיפות למעמדים/ות עם מוגבלויות"
עובד/ת סוציאלי/ת לתחום ילדים,מרכז רפואי העמק,עפולה,2026-06-03,https://jobs.clalitapps.co.il/clalit/redmatch-apply/redmatch.apply.html?compPositionID=47505,עבודה סוציאלית,,"למרכז רפואי העמק דרוש/ה עובד/ת סוציאלי/ת לתחום ילדים משרה חלקית - 80% תיאור התפקיד: מתן מענה פרטני/משפחתי/קבוצתי למטופלים ובני משפחתם המתמודדים עם משבר בעקבות אבחנה רפואית מענה הכולל סיוע והתערבות בתחום האישי, חברתי, כלכלי ונפשי כולל הנגשת זכויות וליווי רגשי בהתמודדות עם מחלה הוצאה לפועל של תוכנית הטיפול שהותוותה תוך תיאום עם הגורמים הרלוונטיםו וקשר שוטף עם הצוות הרב מקצועי במחלקה, ביחידה ובבית החולים/קהילה מעקב אחר ביצוע תוכנית הטיפול אפשרות להשתתפות בין-מקצועית בייזום ובעריכת מחקרים בתחום הביו-פסיכו-סוציאלי דרישות התפקיד : תואר ראשון בעבודה סוציאלית, תואר שני - יתרון רישיון עיסוק בעבודה סוציאלית תעודת מומחיות בתחום הבריאות או בריאות הנפש - יתרון ניסיון קודם בעבודה סוציאלית במערכת הבריאות - יתרון שליטה מלאה בשפה העברית שליטה בשפה האנגלית כדי קריאת ספרות מקצועית יכולת עבודה בצוות *תינתן עדיפות למועמדים/ות עם מוגבלויות"
פסיכיאטר/ית ילדים child psychiatrist,מרכז לבריאות הנפש גהה,פתח תקווה,2026-06-03,https://jobs.clalitapps.co.il/clalit/redmatch-apply/redmatch.apply.html?compPositionID=47753,פסיכולוגיה,,"למרכז הרפואי גהה דרוש/ה פסיכיאטר/ית מומחה/ית בילדים ונוער למרפאה לטראומה ומשבר בילדים ונוער המרפאה הינה מרפאה אמבולטורית עם צוות רב סקטוריאלי ומגוון, אשר מספקת התערבויות טיפוליות במצבי משבר וטראומה קיימת חשיפה למצבים מכל הקשת הפסיכיאטרית ההתערבויות הטיפוליות הניתנות הינן מגוונות לאוכלוסייה כלל ארצית ובתוכה אוכלוסיית נפגעי מלחמה מדובר במרפאה מובילה בתחומה עם עבודה תוך צוותית הדוקה דרישות התפקיד: תואר MD ברפואה רישיון ישראלי לעסוק ברפואה רישיון פסיכיאטר/ית ילדים מומחה/ית תקשורת בין אישית טובה ושיתוף פעולה בצוות היקף המשרה - גמיש שילוב עבודה פרונטלית ומקוונת גמישות והכשרות מגוונות *תינתן עדיפות למועמדים/ות עם מוגבלויות"
כלכלן/ית,מחוז מרכז,נס ציונה,2026-06-03,https://jobs.clalitapps.co.il/clalit/redmatch-apply/redmatch.apply.html?compPositionID=49716,מנהל ומטה,,"להנהלת כללית בנס ציונה דרוש/ה כלכלן/ית מינהלת למשרה מלאה (א-ה בשעות 08:00-16:00) תיאור התפקיד: ביצוע אנליזה של נתונים לצורך ניתוח דפוסי פעילות וניהול תחזיות ניתוח מגמות והצפת פערי ביצוע הצגת משמעויות למנהלים כולל מסקנות והמלצות לפעולה ביצוע בקרה אחר התקדמות ושיפור עמידה ביעדים טיפול בנושאים מקצועיים וכלכליים נוספים בתחום, בהתאם לצרכים או להנחיות הממונה דרישות התפקיד: תואר ראשון, לפחות, בכלכלה, מינהל עסקים, מערכות מידע או הנדסת תעשיה וניהול ניסיון בעבודה על מסדי נתונים גדולים אקסל ברמה גבוהה - חובה ניסיון בהפקת דוחות BO - יתרון שליטה ב - SQL יתרון ראיה תהליכית (יכולת חשיבה תהליכית), חשיבה אנליטית יכולת בינאישית גבוהה ויחסי אנוש טובים יכולת הובלה תודעת שירות גבוהה יכולת הבעה (בע""פ ובכתב) *תינתן עדיפות למועמדים/ות עם מוגבלויות"
פקיד/ת מרפאה,מחוז צפון,"טבריה, צפת, קרית שמונה, עמק הירדן, רמת הגולן",2026-06-01,https://jobs.clalitapps.co.il/clalit/redmatch-apply/redmatch.apply.html?compPositionID=49710,מנהל ומטה,,"דרושים/ות פקידים/ות למרפאות שונות באזורי הגליל: טבריה, צפת, ק""ש, עמק הירדן ורמת הגולן למשרה זמנית תיאור התפקיד: שירות לקוחות פרונטלי וטלפוני הכולל קביעת תורים מתן שירות בתחום האדמיניסטרציה הן למטופלים המגיעים למרפאה והן לצוות המרפאה הכולל: רופאים, אחיות, רוקחים ובעלי מקצוע נוספים עבודה משרדית הכוללת: ניירת, עבודה על מערכות מחשוב, גביית כספים, הפקדות, רישום ודיווח וכן מטלות משרדיות נוספות בהתאם לצורך ועפ""י הנחיות המנהל/ת האדמיניסטרטיבי/ת במרפאה דרישות התפקיד: תעודת בגרות מלאה - חובה תואר ראשון - יתרון ניסיון בעבודה עם קהל יחסי עבודה ויחסי אנוש תקינים כושר הבעה בכתב ובעל פה *תינתן עדיפות למועמדים/ות עם מוגבלויות"
מהנדס/ת חשמל,מרכז רפואי מאיר,מרכז רפואי מאיר- כפר סבא,2026-06-01,https://jobs.clalitapps.co.il/clalit/redmatch-apply/redmatch.apply.html?compPositionID=49692,רפואה,,"למרכז הרפואי מאיר דרוש/ה מהנדס/ת חשמל תיאור התפקיד: אחריות על מגוון נושאים הנדסיים במדור חשמל ביחידת האחזקה, בתיאום עם המהנדס הראשי יעוץ למהנדס הראשי בתחום החשמל אחריות לביצוע תוכניות העבודה השנתיות אחריות לביצוע העבודות באופן מקצועי ולקביעת סדרי עדיפויות ולוחות זמנים לביצוע אחריות ליצירת קשר עם קבלני חוץ ופיקוח על ביצוע ואישור גמר עבודה תיאום וליווי יועצים ומתכננים מבחוץ וליווי ביצוע וקבלה של ציוד ובניה חדשה שותפות בוועדות מקצועיות הכנת אומדנים ותקצוב ודיווח לממונים יוזמ/ת פעילויות טכניות שונות ביצוע תפקידים נוספים לפי דרישת הממונים דרישות התפקיד : השכלה אקדמית (תואר ראשון) בהנדסת חשמל רישום בפנקס המהנדסים והאדריכלים רישיון חשמלאי/ת - מהנדס/ת (משרד התמ""ת) ניסיון של 3 שנים בתחום החשמל הכרות עם מערכות בקרת מבנה PLC ו- SCADA, רשת OT שליטה מלאה בשפה העברית כולל כתיבה והגשת דיווחים ידיעת השפה האנגלית כדי קריאת חומר טכני *תינתן עדיפות למועמדים/ות עם מוגבלויות"
טכנולוג/ית רפואי/ית,מרכז רפואי מאיר,מרכז רפואי מאיר כפר סבא,2026-06-01,https://jobs.clalitapps.co.il/clalit/redmatch-apply/redmatch.apply.html?compPositionID=49705,טכנולוגיות רפואיות,,"למרכז הרפואי דרוש/ה טכנולוג/ית רפואי/ית למערך הקרדיולוגי (אקו לב) למשרה חלקית תיאור התפקיד: הכנת המכשור הרפואי לפעולה, כיולו וחיבורו ביצוע בדיקות אבחנתיות או טיפוליות באמצעות המכשור הרפואי ובהתאם להנחיות רופא עריכת מידע המתקבל מהמכשיר הרפואי ועיבוד תוצאותיו טיפול שגרתי ותקופתי במכשור הרפואי השתתפות בהגדרת צרכים ודרישות להזמנות וניהול המלאי מתן הדרכה והכשרה מקצועית לצוותים הרפואיים ולטכנולוגים רפואיים מתמחים בנושא הציוד הרפואי השתתפות בהשתלמויות מקצועיות בנושאי המכשור הרפואי ותחומי הרפואה הרלוונטיים דרישות התפקיד: תואר הנדסאי/ת טכנולוגיה רפואית ממוסד מוכר הכרה במעמד טכנולוג/ית רפואי/ת ממשרד הבריאות נסיון באקו לב - חובה ידיעת שפה לועזית כדי קריאת מונחים מקצועיים יחסי אנוש טובים, גישה שירותית ואנושית למטופל יכולת עבודה בצוות יכולת למידה והתמקצעות *תינתן עדיפות למועמדים/ות עם מוגבלויות"
טכנולוג/ית רפואי/ת,מרכז רפואי מאיר,מרכז רפואי מאיר - כפר סבא,2026-06-01,https://jobs.clalitapps.co.il/clalit/redmatch-apply/redmatch.apply.html?compPositionID=49704,טכנולוגיות רפואיות,,"למרכז הרפואי מאיר דרוש/ה טכנולוג/ית רפואי/ת למכון גסטרו ומחלות כבד 50% משרה, ימים א'-ד' שעות 8:30-13:00 תיאור התפקיד: ביצוע בדיקות בתחום הנאורוגסטרואנטרולוגיה: מנומטריה אנורקטלי, מנומטריה של הוושט, Ph מטריה, תבחיני נשיפה הכנת המטופל לבדיקה ומתן הסבר מקצועי ורגיש על תהליך הבדיקה הפעלת ציוד מקצועי רפואי ייעודי ותיעוד הבדיקה במערכת הממוחשבת לפי נהלים עבודה בשיתוף פעולה עם צוות המכון וצוות המרפאה שמירה על סטריליות ועבודה לפי נהלים של היחידה למניעת זיהומים אחריות לתחזוקה שוטפת של ציוד הבדיקה והחדר דרישות התפקיד: תואר טכנולוג/ית רפואי/ת ממוסד מוכר תעודת הכרה במעמד טכנולוג/ית רפואי/ית ממשרד הבריאות ניסיון קודם בתפקיד דומה - יתרון גישה שירותית ואמפתית דייקנות וירידה לפרטים שליטה טובה במערכות מחשוב רפואיות *תינתן עדיפות למועמדים/ות עם מוגבלויות"
עמית/ה מלווה,מחוז מרכז,ראשון לציון,2026-06-01,https://jobs.clalitapps.co.il/clalit/redmatch-apply/redmatch.apply.html?compPositionID=49703,מנהל ומטה,,"לתוכנית לליווי ניצולי שואה עריריים דרוש/ה עמית/ה מלווה 50% מישרה תיאור התפקיד: קשר טלפוני שוטף עם ניצולי השואה מתן מענה אדמיניסטרטיבי לעו""ס הכוונה במיצוי זכויות (תינתן הכשרה מתאימה) דרישות התפקיד: תעודת בגרות מלאה. עדיפות לתואר אקדמי נסיון בעבודה אדמינסטרטיבית נסיון בעבודה מול מטופלים *תינתן עדיפות למועמדים/ות עם מוגבלויות"
עובד/ת סוציאלי/ת להוספיס בית,מחוז דרום,באר שבע,2026-06-01,https://jobs.clalitapps.co.il/clalit/redmatch-apply/redmatch.apply.html?compPositionID=49697,עבודה סוציאלית,,"רוצה תפקיד עם משמעות ונתינה? זה הזמן להצטרף אלינו! אנו מחפשים עובד/ת סוציאלי/ת עם לב ענק, רגישות ויכולת מקצועית גבוהה להוספיס בית בבאר שבע היחידה נותנת טיפול מקיף ותומך למטופלים עם מחלות חשוכות מרפא במצבי סוף חיים ליווי המטופלים ובני משפחותיהם נעשה בעבודת צוות רב מקצועי היקף משרה: 50%-100% תיאור התפקיד: תמיכה ולווי המטופל ומשפחתו בשלבים המתקדמים והסופיים של המחלה מתן דגש על איכות החיים, תמיכה בתהליכי סוף חיים וקבלת החלטות, בתפיסה פליאטיבית הרואה את האדם בשלמותו תוך חיזוק כוחות והמטופל ובני משפחתו מתן סיוע והכוונה למשפחות בנושאים סוציאליים רפואיים וזכויות רפואיות תיאום וקישור מול גורמים בקהילה עבודה משותפת עם צוות רב מקצועי דרישות התפקיד: תואר ראשון בעבודה סוציאלית ורישום בפנקס העובדים הסוציאליים תואר שני ו/או ניסיון בעבודה סוציאלית בתחום הבריאות והטיפול הפליאטיבי - יתרון ניסיון טיפולי - יתרון יכולת הכלה, רגישות ותקשורת בין-אישית מצוינת יכולת עבודה עצמאית לצד עבודה בצוות רב מקצועי נדרשת ניידות ברכב עקב הצורך בביקורי בית דובר/ת עברית ואנגלית ברמה טובה- חובה ההעסקה בהתאם להסכם השכר הקיבוצי סיפוק, הדרכה והתפתחות מקצועית מובטחים! *תינתן עדיפות למועמדים/ות עם מוגבלויות"
עובד/ת אחזקה גזים רפואיים,מרכז שניידר לרפואת ילדים בישראל,פתח תקוה,2026-06-01,https://jobs.clalitapps.co.il/clalit/redmatch-apply/redmatch.apply.html?compPositionID=48632,אחזקה ולוגיסטיקה,,"למרכז הרפואי שניידר דרוש/ה עובד/ת אחזקה גזים רפואיים משרה מלאה: ימים א-ה בין השעות 7:00-15:00, נכונות לשעות נוספות, תורנויות וכוננויות תיאור התפקיד: תחזוקת גזים רפואיים כוללת התקנה, בדיקה, אחזקה ותפעול של מערכות גזים רפואיים בהתאם לנוהלי משרד הבריאו ת הבטחת אספקה רציפה ואמינה של גזים, איכות וטוהר הגזים בדיקות שוטפות, תחזוקה מונעת ותיקון תקלות במערכות הגזים הרפואיים (כגון חמצן, אוויר רפואי, ואקום ועוד) הקפדה על כללי בטיחות, עבודה עם גזים רפואיים, והיכרות עם מערכות התראת גזים תחזוקה של מערכות אלקטרומכניות פיקוח על עבודות קבלניות בתחום מעבר הכשרה והסמכה כפי שמחייב משרד הבריאות דרישות התפקיד: הנדסאי/ת מכונות/חשמל - חובה רישיון חשמלאי/ת בתוקף - יתרון יכולת למידה ועבודה תחת לחץ בעל כישורים טכניים והבנה מכנית תודעת שירות ויחסי אנוש מעולים ידע וניסיון תחזוקה במוסדות רפואיים - יתרון *תינתן עדיפות למועמדים/ות עם מוגבלויות"
כח עזר,מרכז רפואי רבין,פתח תקווה,2026-06-01,https://jobs.clalitapps.co.il/clalit/redmatch-apply/redmatch.apply.html?compPositionID=46924,אחזקה ולוגיסטיקה,,"לבית חולים בילינסון דרוש/ה כוח עזר עבודה במשמרות 24/7 כולל סופי שבוע תיאור התפקיד: ניקוי וארגון כללי של המחלקה ויחידת המטופל (ארוניות, מיטה וכו') סיוע למטופל בפעולות בסיסיות (הלבשה, האכלה, רחצה וכו') השגחה וליווי מטופלים בעת הצורך טיפול במלאי ותקינות של ציוד במחלקה ביצוע שליחויות עבור המחלקה (הבאת ציוד ותרופות, העברת ציוד לתיקון, הזמנת כביסה וכו'). סיוע בתחזוקה שוטפת וניקיון של מכשור רפואי וציוד מתכלה הזמנת מזון למחלקה וחלוקתו דרישות התפקיד: לפחות 10 שנות לימוד ידיעת השפה העברית יכולת בסיסית בהפעלת מחשב תודעת שירות נאותה ויכולת לפעול בצוות בשיתוף פעולה עבודה במשמרות בוקר (7-15), ערב (15-23), לילה (23-7) * תינתן עדיפות למועמדים/ות עם מוגבלויות"
רכז/ת פרט ושכר,מרכז רפואי העמק,עפולה,2026-05-31,https://jobs.clalitapps.co.il/clalit/redmatch-apply/redmatch.apply.html?compPositionID=48614,מנהל ומטה,,"למרכז רפואי העמק דרוש/ה רכז/ת פרט ושכר - החלפה לחל""ד תיאור התפקיד: אחריות לטיפול כוללני בעובד החל מקליטתו לעבודה ועד לפרישתו טיפול בעדכונים שוטפים בתחומי כ""א ושכר של העובד (קרנות השתלמות, פנסיה, ביטוח לאומי, חופשת לידה, תאונות עבודה, שעות נוספות, תנאים סוציאליים, החזר הוצאות ונושאי פרט נוספים) מתן שירות פרונטלי וטלפוני לעובדים ביצוע מעקבים שוטפים (בנושאי תקן/מצבה, ותק, קביעות ועוד) כולל הפקת דוחות לממונים מעקב אחר ביצוע תשלומים וזיכויים וטיפול בהלוואות עובדים הפקת אישורים שונים לעובדים בדיקת תלושי שכר וטיפול בבירורים הנוגעים לתלוש השכר כולל ממשק עבודה מול הנהלה ראשית. טיפול בנוכחות עובדים ביצוע מטלות נוספות בהתאם להוראות הממונה דרישות התפקיד: השכלה אקדמית (תואר ראשון) במשאבי אנוש או במדעי החברה ניסיון של שנתיים בתחום כ""א ושכר הכרה וידע בשימוש במערכות מידע ממוחשבות בתחום כוח אדם שליטה בתוכנת Office ידיעת החוקים, התקנות וההוראות, הסכמי השכר והסכמי העבודה הקשורים לעבודה הכרה והבנת מרכיבי השכר שירותיות קליטה מהירה יכולת עבודה תחת לחץ ועל מספר משימות במקביל יחסי אנוש תקינים כושר הבעה בכתב ובע""פ ידיעת השפה העברית על בוריה *תינתן עדיפות למועמדים/ות עם מוגבלויות"
מזכיר/ה לבית מרקחת,מחוז צפון,חיפה,2026-05-28,https://jobs.clalitapps.co.il/clalit/redmatch-apply/redmatch.apply.html?compPositionID=49696,מנהל ומטה,,"לעבודה מאתגרת ומעניינת בבית מרקחת בחיפה דרוש/ה מזכיר/ה תיאור התפקיד: מתן שירות בתחומי האדמיניסטרציה לצוות הכולל: רופאים, אחיות, רוקחים ובעלי מקצוע נוספים עבודה משרדית הכוללת: ניירת, עבודה על מערכות מחשוב, רישום, ארגון ומטלות משרדיות נוספות בהתאם לצורך ועפ""י הנחיות הממונה קבלה, ליקוט, סידור, הכנה ואריזה של משלוחים ריכוז וטיפול בשלל הפניות הנכנסות לבית המרקחת לרבות טלפונים ,פקסים, מיילים, ואטסאפ מעקב יומי על קווי שינוע ונהגים מול חדרי תרופות ובתי מרקחת דרישות התפקיד: תעודת בגרות מלאה - חובה, תואר ראשון - יתרון תודעת שירות גבוהה יחסי אנוש טובים, שיתוף פעולה בצוות כושר הבעה גבוה בכתב ובעל פה בשפה העברית יכולת עבודה תחת לחץ עבודה במשמרות בוקר/ערב ידע בתכנת office,word,excel *תינתן עדיפות למועמדים/ות עם מוגבלויות"
עובד/ת לקיחת דמים,מרכז רפואי העמק,עפולה,2026-05-28,https://jobs.clalitapps.co.il/clalit/redmatch-apply/redmatch.apply.html?compPositionID=49695,אחר,,"למרכז הרפואי העמק דרוש/ה עובד/ת ללקיחת דמים במשרה חלקית תיאור התפקיד : נטילת דגימות דם לצרכים אבחוניים ממטופלים ושליחתן למעבדה נטילת דם בהתאם למאושר בתקנות הרופאים ובהתאם למצוין בתעודת ההכשרה נטילת דם קפילרי תתבצע בהתאם לגיל ההרשאה לנטילת דם ורידי, המצוין בתעודת ההכשרה, אלא אם נוטל/ת הדם קיבל/ה הרשאה מוסדית תואמת ובכפוף למעבר הכשרה נוספת לנטילת דם קפילרי מנבדקים צעירים יותר הכנסת צנתר לווריד פריפרי: הרשאה אישית לנוטל/ת דם להכנסת צנתר ורידי פריפרי תינתן מטעם המנהל הרפואי של בית החולים רק לאחר השלמת הכשרה פנים מוסדית הכוללת שיעור עיוני והתנסות מעשית בהחדרת 20 צנתרים לווריד פריפרי תחת פיקוח רופא או אחות נטילת דם ורידי או החדרת צנטר יתבצעו רק מגפיו העליונות של המטופל דרישות התפקיד: השכלה - 12 שנות לימוד רישוי - תעודת הסמכה לשאיבת דם ורידי לנבדקים לגילאי 14 ומעלה המוכרת ע""י משרד הבריאות שליטה מצוינת בשפה העברית אנגלית ברמה בסיסית מיומנויות בין אישיות מעולות הקפדה על דיוק ויכולת לעבוד בתנאי לחץ ועומס הבנה בסיסית בהפעלת מחשב *תינתן עדיפות למועמדים/ות עם מוגבלויות"
מנהל/ת פרויקטים במערך החדשנות,מחוז דן פתח תקווה,גוש דן ובקעת אונו,2026-05-28,https://jobs.clalitapps.co.il/clalit/redmatch-apply/redmatch.apply.html?compPositionID=49693,מנהל ומטה,,"למוז דן פ""ת דרוש/ה מנהל/ת פרויקטים למערך החדשנות היקף משרה: 50% מיקום: מרכז הארץ גוש דן/בקעת אונו מחוז דן פ""ת מטפל בכ- 500,000 מטופלים. במחוז ניתנים שירותי רפואה ראשונית ורפואת מומחים, פיזיותרפיה, תזונה, התפתחות הילד, ריפוי בעיסוק, קלינאות תקשורת, בריאות הנפש, יחידת מרותקי בית ורפואה פליאטיבית ועוד. המחוז עובד בסינרגיה עם בתי חולים רבים מערך החדשנות הוקם לפני קרוב ל-4 שנים ומוביל פעילות ענפה של ליווי יזמות עובדים, ותהליכי חדשנות bottom up ו-top down, מוביל ומטפח קהילת יזמים פעילה, ומהווה יחידת צמיחה אסטרטגית. כחלק מפעילות החדשנות הגוברת של המחוז אנחנו מחפשים מנהל/ת פרויקטים נוספ/ת שיצטרפו לצוות הצומח שלנו מזמינים אותך להצטרף לצוות כיפי וחדור מטרה העוסק בפיתוח וקידום פתרונות חדשניים בשירותי בריאות בקהילה התפקיד יתמקד בהובלת פרויקטים משמעותיים, לצד השתלבות בפעילויות רוחביות של מערך החדשנות. אנו מחפשים א/נשים סקרניים, יוזמים ובעלי יכולת להניע תהליכים באופן עצמאי, שנהנים לעבוד עם מגוון רחב של ממשקים ורוצים לקחת חלק בעשייה עם השפעה אמיתית על מערכת הבריאות תיאור התפקיד: ניהול ותכלול פרויקטים נבחרים מהפורטפוליו הרחב של מערך החדשנות המחוזי ליווי תהליכי עבודה מול גורמים מקצועיים, ספקים, ממשקים רבים בארגון, כולל גורמי מטה, ושותפים חיצוניים מאקדמיה, תעשייה ומשרד הבריאות מעקב אחר משימות, לוחות זמנים, תכניות עבודה, תאום ותכנון פגישות בפרויקטים הכנת מצגות, מסמכי עבודה, חומרי הסברה וניוזלטרים השתתפות בתכנון והוצאה לפועל של סדנאות ואירועים מקצועיים יחד עם צוות המערך ליווי פרויקטים שבגרו במחוז להטמעה רוחבית בכלל הארגון, תוך רתימה ושת""פ עם גורמי מטה תמיכה בפעילות השוטפת של מערך החדשנות דרישות התפקיד: תואר ראשון יחסי אנוש מצוינים ויכולת לעבוד מול מגוון בעלי תפקידים ניסיון קודם בניהול, ריכוז או הובלת פרויקטים/תהליכים (גם במסגרת צבאית, אקדמית, עמותות או סטארטאפים) יכולת עבודה עצמאית לצד עבודה בצוות סדר וארגון ברמה גבוהה מאוד יכולת ניסוח גבוהה בעברית ובאנגלית בכתב ובעל פה היכרות עם עולם הבריאות, בריאות הנפש או חדשנות רפואית - יתרון ניסיון בעבודה בארגונים גדולים - יתרון ניסיון בהכנת תוכן מקצועי, ניוזלטרים או מצגות - יתרון היכרות עם כלים דיגיטליים, AI או מערכות לניהול פרויקטים - יתרון *תינתן עדיפות למועמדים/ות עם מוגבלויות"
מזכיר/ה רפואי/ת,בית חולים בית רבקה – מרכז רפואי גריאטרי שיקומי,פתח תקווה,2026-05-28,https://jobs.clalitapps.co.il/clalit/redmatch-apply/redmatch.apply.html?compPositionID=49610,מנהל ומטה,,"למרכז הרפואי בית רבקה דרוש/ה מזכיר/ה רפואי/ת למחלקת אשפוז תיאור התפקיד: אחריות לטיפול מנהלי שוטף בתיעוד רפואי של מטופלים מקבלתם למחלקה ועד שחרורם: פתיחת רשומה רפואית, מעקב ועדכון מסמכים ועוד טיפול מנהלי בקבלה, ניוד, העברה ושחרור מטופלים במחלקה: בדיקת מצבת מטופלים, הכנת מסמכים רלוונטיים, תיאומים ועוד קשרי עבודה עם גורמים שונים בבית החולים ומחוצה לו: תיאום פגישות, תיאום תורים, הזמנת שירותים ובדיקות, העברת מידע ומסמכים ועוד סיוע אדמיניסטרטיבי לצוות המחלקה ולמנהל המחלקה. מתן מידע ושירות למטופלים ובני משפחותיהם בנושאים מנהליים שונים דרישות התפקיד: תעודת בגרות מלאה תעודת מזכירות רפואית ניסיון מקצועי בעבודת מזכירות בתחום הרפואה - יתרון שליטה מלאה בשפה העברית ידיעת אנגלית כדי קריאת מונחים מקצועיים רלוונטיים תודעת שירות גבוהה תקשורת בין אישית טובה ויכולת עבודה בצוות יכולת ביטוי טובה בכתב ובעל פה *תינתן עדיפות למועמדים/ות עם מוגבלויות"
רופא/ה התפתחותי/ת,מחוז תל אביב יפו,"בת ים, חולון, יפו",2026-05-25,https://jobs.clalitapps.co.il/clalit/redmatch-apply/redmatch.apply.html?compPositionID=49649,רפואה,,"למכוני התפתחות הילד בחולון ובת-ים דרוש/ה רופא/ה התפתחותי. תיאור התפקיד: ביצוע אבחונים, גיבוש תכניות טיפול וטיפול בחולים. קיום קשרי עבודה עם גורמים שונים (בקהילה, אקדמיה, בתי חולים ועוד). אפשרות להובלת מחקרים בתחום. שעות השתלמות שבועית קבועות המובנות בסידור העבודה קיימת עבודה רב מקצועית של צוות ותיק השם דגש על למידה והתפתחות מקצועית. היקף המשרה גמיש, אפשרות לעבודה בתקן או בחוזה אישי עצמאי, תנאי שכר מעולים דרישות התפקיד: השכלה אקדמית (תואר M.D.) ברפואה רישיון ישראלי לעסוק ברפואה ידע מקצועי נרחב ועדכני בתחום הפעילות המקצועית (המומחיות) ניסיון באבחון, טיפול ובעבודת צוות במכוני התפתחות ילד הכרת החוקים, התקנות והנהלים הרלוונטיים ידע במערכות מחשב רלוונטיות מקצוענות אבחנתית וביצועית יכולת שיתוף פעולה בצוות תקשורת בין אישית טובה סבלנות ואמפתיה לזולת *תינתן עדיפות למועמדים/ות עם מוגבלויות"
מנהל/ת אדמיניסטרטיבי/ת במרפאה,מחוז תל אביב יפו,תל-אביב,2026-05-25,https://jobs.clalitapps.co.il/clalit/redmatch-apply/redmatch.apply.html?compPositionID=48785,מנהל ומטה,,"דרוש/ה מנהל/ת אדמיניסטרטיבי/ת למרפאה בתל-אביב נכונות לעבודה במשרה מלאה: פעמיים בשבוע 7:30-15:30 פעם בשבוע 7:30-13:30 פעמיים בשבוע עבודה בפיצול 7:30-13:00 + 15:30-19:00 ימי ו' בין פעם לפעמיים בחודש בין השעות 7:30-12:00 (משולם כשעות נוספות) תיאור התפקיד: אחריות ניהולית ומקצועית על הפעילויות האדמיניסטרטיביות והלוגיסטיות במרפאה שותפות בצוות המנהל של המרפאה - גיבוש תוכניות עבודה, הנעה והטמעת תהליכים וכלים, ארגון משימות ומשאבים ועוד שותפות בהובלת המרפאה להשגת יעדים בתחומי השירות, האיכות הרפואית, גיוס לקוחות, שיווק שירותים ועוד ניהול צוות אדמיניסטרטיבי של המרפאה - קליטת עובדים, הכשרה ופיתוח, סידורי עבודה, דיווחי שכר, הערכה ומשוב. ניהול השירות במרפאה - ניהול תורים ושירותים אדמיניסטרטיביים, מתן מענה כולל לצרכי הלקוחות וטיפול בפניותיהם, ייזום, תכנון ויישום תכניות לשיפור איכות השירות ניהול תפעולי של המרפאה - אחריות על תחזוקת מבנה וציוד ניהול כספים - גביית כספים, תשלומי החזרים והוצאות, הפקדות, רישום ודיווח ממשקים וקשרי עבודה עם גורמים בארגון ומחוצה לו אחריות על נושאים נוספים כגון: הגנת מידע, בטיחות בעבודה, איכות סביבה, שעת חירום ועוד דרישות התפקיד: תואר ראשון בתחומי הניהול או מדעי החברה וההתנהגות. תואר שני - יתרון ניסיון קודם בניהול ו/או בעולמות השירות והמכירה - יתרון ראייה רחבה ומערכתית, יכולת ניתוח והסקת מסקנות יכולת הנעת עובדים ותהליכים, יכולת ארגון ותפעול תודעת שירות גבוהה, יחסי אנוש טובים, שיתוף פעולה בצוות יכולת עבודה בתנאי לחץ ועומס יכולת עבודה בסביבה ממוחשבת שליטה בשפה העברית, שליטה בשפה נוספת - יתרון כושר הבעה בעל פה ובכתב עבודה תחת הסכמים קיבוציים עם תנאים מהטובים במשק! הצטרפו לארגון הבריאות הגדול והמוביל במדינה *תינתן עדיפות למועמדים/ות עם מוגבלויות"
דרוש/ה רוקח/ת לבתי מרקחת בערי השרון,מחוז שרון שומרון,"רמת השרון, הרצליה, רעננה וכפר סבא",2026-05-25,https://jobs.clalitapps.co.il/clalit/redmatch-apply/redmatch.apply.html?compPositionID=49037,רוקחות,,"לבתי המרקחת ברמת השרון, הרצליה, רעננה וכפר סבא דרוש/ה רוקח/ת לסיוע ותיגבור בבתי מרקחת תיאור התפקיד: ניפוק תרופות על פי מרשמים הניתנים על ידי הרופאים גביית תשלום עבור התרופות בהתאם לנהלים ביצוע ייעוץ רוקחי בדלפק - שימוש בתרופות ללקוחות ביצוע הדרכה רוקחית בפגישה פרטנית עם הלקוח ייעוץ ללקוחות בבחירת תרופות O.T.C והדרכתם לגבי השימוש בהן סיוע בארגון הלוגיסטי של בית המרקחת, אחסון וסידור התרופות על פי הכללים, סידור מדפים חיצוניים, תמחור ומענה טלפוני היכרות ועמידה בדרישות משרד הבריאות בהתנהלות בבית המרקחת תיתכן החלפת הרוקח האחראי במטלות מרפאתיות כגון: ישיבות צוות או פרויקטים מרפאתיים אחרים השתתפות בפרויקטים שהמרפאה מובילה, בהתאם להחלטת הרוקח האחראי ביצוע מטלות נוספות בהתאם להנחיות הממונה דרישות התפקיד: השכלה אקדמית (תואר ראשון) ברוקחות רישיון עיסוק ברוקחות (משרד הבריאות) ידע מקצועי נרחב ידיעת השפה העברית על בורייה ידיעת השפה האנגלית כדי קריאת ספרות מקצועית יכולת עבודה בצוות יחסי אנוש טובים תודעת שירות *תינתן עדיפות למועמדים/ות עם מוגבלויות"
אחים/ות למוקד אחיות טלפוני מוביל,הנהלה ראשית,"נתניה, כרמיאל",2026-05-24,https://jobs.clalitapps.co.il/clalit/redmatch-apply/redmatch.apply.html?compPositionID=49658,אחים ואחיות,,"אנו מזמינים אותך להצטרף אלינו, לצוות מקצועי, במוקד ייעוץ מידע בריאותי טלפוני. אם את/ה מחפשת עבודה מאתגרת , מעשירה, מגוונת ונוחה - מקומך איתנו! אח/ות - אנו מציעים לך עבודה נוספת מקצועית עם משמעות תיאור התפקיד: מתן מענה טלפוני מקצועי עבודה במשמרות, כולל לילות, סופי שבוע וחגים. קיימת גמישות בבחירת המשמרות משמרות עד 15 ש""ש - עבודה באחד המוקדים (נתניה, כרמיאל) משמרות מעל 15 ש""ש - אפשרות לעבודה מהבית סביבת עבודה מקצועית, מעשירה ומקדמת סדנאות והעשרה לפיתוח מקצועי צוות תומך ומלמד אפשרויות קידום במוקד לתפקידים כגון: הכשרת צוות אחיות וניהול משמרת שכר הולם ותנאים סוציאליים ניתן לשלב כעבודה נוספת דרישות תפקיד: תעודת הסמכה באחיות ניסיון קליני 3 שנים לפחות. יתרון לניסיון במלר""ד/בקהילה תודעת שירות גבוהה ויכולת הדרכת מטופלים יכולת עבודה עם מערכות טכנולוגיות *תינתן עדיפות למועמדים/ות עם מוגבלויות"
עובד/ת סוציאלי/ת,מחוז שרון שומרון,"הרצליה, רמת השרון , כפר סבא ונתניה",2026-05-24,https://jobs.clalitapps.co.il/clalit/redmatch-apply/redmatch.apply.html?compPositionID=49638,עבודה סוציאלית,,"דרוש/ה עובד/ת סוציאלי/ת למרפאה ראשונית אנחנו מרחיבים את השירותים ומזמינים אותך להצטרף למרפאותינו בהרצליה, רמת השרון, כפר סבא ונתניה תיאור התפקיד: מתן טיפול סוציאלי פרטני, משפחתי או קבוצתי למטופלים ו/או משפחותיהם, הזקוקים לסיוע בתחום האישי, החברתי, הכלכלי והנפשי כתוצאה ממחלה ייזום או קבלת פניות ממקורות שונים כגון צוות רפואי, מוסדות רפואיים, קהילה ואחרים, לגבי הנזקקים לטיפול בנושאים הקשורים בחולי ובריאות קיום קשר עם גורמים קהילתיים לצורך סיוע והנגשת זכויות למטופל הוצאה לפועל של תוכנית הטיפול שהותוותה, תוך תיאום עם הגורמים הרלוונטים וקיום קשר שוטף עם הצוות הרב מקצועי במרפאה/במחוז מעקב אחר ביצוע תוכנית הטיפול אפשרות להשתתפות בין - מקצועית בייזום ובעריכת מחקרים בתחום הביו-פסיכו-סוציאלי דרישות התפקיד : תואר ראשון בעבודה סוציאלית, תואר שני - יתרון רישיון עיסוק בעבודה סוציאלית תעודת מומחיות בתחום הבריאות או בריאות הנפש - יתרון ניסיון קודם בעבודה סוציאלית במערכת הבריאות - יתרון שליטה מלאה בשפה העברית שליטה בשפה האנגלית כדי קריאת ספרות מקצועית יכולת עבודה בצוות *תינתן עדיפות למועמדים/ות עם מוגבלויות"
מהנדס/ת מיזוג אוויר,מרכז רפואי מאיר,שרון,2026-05-24,https://jobs.clalitapps.co.il/clalit/redmatch-apply/redmatch.apply.html?compPositionID=49656,מנהל ומטה,,"למרכז הרפואי מאיר דרושה מהנדס/ת מיזוג אוויר תיאור התפקיד: אחריות על מגוון נושאים הנדסיים במדור מיזוג אוויר, בתיאום עם המהנדס הראשי ייעוץ למהנדס הראשי בתחום מיזוג אוויר ומערכות קירור וחימום אחריות לביצוע תוכניות העבודה השנתיות בתחום אחריות לביצוע העבודות באופן מקצועי ולקביעת סדרי עדיפויות ולוחות זמנים לביצוע אחריות ליצירת קשר עם קבלני חוץ ופיקוח על ביצוע ואישור גמר עבודה תיאום וליווי יועצים ומתכננים חיצוניים וליווי ביצוע וקבלה של ציוד ובניה חדשה ניהול פרויקטים בתחום תשתיות מיזוג אויר, קירור וחימום השתתפות בוועדות מקצועיות הכנת אומדנים ותקצוב, ודווח לממונים יוזמה לפעילויות טכניות שונות דרישות התפקיד: תואר ראשון בהנדסה בתחום מכונות/מיזוג אוויר רישום בפנקס המהנדסים והאדריכלים ניסיון של 3 שנים בתחום מיזוג אוויר וקירור שליטה מלאה בשפה העברית כולל כתיבה והגשת דיווחים אנגלית ברמה טובה (לצורך קריאת חומר טכני) *תינתן עדיפות למועמדים/ות עם מוגבלויות"
עובד/ת מעבדה לגנטיקה מולקולרית,מרכז רפואי רבין,גוש דן,2026-05-24,https://jobs.clalitapps.co.il/clalit/redmatch-apply/redmatch.apply.html?compPositionID=47927,מעבדות רפואיות,,"לבית חולים בילינסון דרוש/העובד/ת מעבדה לגנטיקה מולקולרית היקף משרה: משרה חלקית/משרה מלאה תיאור התפקיד: קליטת דגימות מהגורמים המפנים וביצוע הבדיקות הנדרשות הפעלת מערכות אבטחת איכות מתקדמות כחלק משגרת העבודה עיבוד נתוני הבדיקות והפצת תוצאותיהן לצוותים הרפואיים דרישות התפקיד: תואר ראשון - מדעי המעבדה הרפואית, ביוכימיה, ביוטכנולוגיה, גנטיקה, הנדסת ביוטכנולוגיה, חקלאות, כימיה, מדעי החיים, מדעי הרפואה, רוקחות, רפואה, רפואה וטרינרית, תזונה תעודת הכרה במעמד עובד מעבדה רפואית אקדמאי (רישיון עיסוק) מטעם משרד הבריאות ידיעת השפה העברית על בוריה ידיעת השפה האנגלית כדי קריאת ספרות מקצועית כושר ביטוי בכתב ובעל-פה יחסי אנוש טובים ויכולת עבודה בצוות *תינתן עדיפות למועמדים/ות עם מוגבלויות"
מזכיר/ת ועדות רפואיות,מרכז רפואי רבין,גוש דן,2026-05-24,https://jobs.clalitapps.co.il/clalit/redmatch-apply/redmatch.apply.html?compPositionID=48054,מנהל ומטה,,"לבית החולים בילינסון דרוש/ה מזכיר/ת ועדות רפואיות - במכון להערכה תפקודית היקף המשרה: 50% תיאור התפקיד: אחריות על תיק רפואי של נבדק מיום קבלתו במכון ועד החזרתו למשרד הביטחון ניהול ועדה רפואית - ריכוז מסמכים נדרשים , הקלדת פרוטוקול, סיוע לרופא הוועדה מתן שירות פרונטלי וטלפוני לנבדקים בנושאים אדמיניסטרטיביים סריקת חומר רפואי ומנהלי לתיק הנבדק, ביצוע משימות משרדיות וניהול לו""ז המכון היכרות עם חוק הנכים וספר תקנות הנכים של אגף השיקום במשהב""ט עבודה מול גורמי פנים וחוץ ומתן שירות מקצועי ורגיש לנבדקים, רופאים, עו""ד, משהב""ט כפיפות מקצועית למנהלת האדמיניסטרטיבית של המכון להערכה תפקודית נדרשת גמישות וזמינות גם בשעות אחה""צ כיוון שהמכון פתוח עד 20:00 (נכונות להישאר בשעות הערב עד סיום הועדות) נכונות לעבודה במתכונת גמישה ובהתאם לצרכי הארגון דרישות התפקיד: תודעת שירות גבוהה חוסן נפשי ורגשי עם יכולת עבודה מול פצועי גוף ונפש תעודת בגרות מלאה - חובה, תואר ראשון יתרון שליטה מלאה בשפה העברית, ידיעת שפה נוספת - יתרון שליטה במחשב ובתוכנות Office תקשורת בין אישית טובה ויכולת עבודה בצוות יכולת ביטוי טובה בעל פה ובכתב הקלדה מהירה חובה *תינתן עדיפות למועמדים/ות עם מוגבלויות"
פסיכולוג/ית מומחה/ית,מחוז תל אביב יפו,"חולון, בת ים, יפו",2026-05-20,https://jobs.clalitapps.co.il/clalit/redmatch-apply/redmatch.apply.html?compPositionID=49650,פסיכולוגיה,,"תיאור התפקיד: ביצוע ראיונות ואבחונים פסיכולוגיים וקביעת תוכנית טיפולית ביצוע טיפולים פרטניים, קבוצתיים, זוגיים או משפחתיים השתתפות בישיבות צוות רב מקצועי והצגת ההיבט המקצועי בתחומי האבחון והטיפול הפסיכולוגיים קיום קשרים עם גורמים מקצועיים שונים בתוך ומחוץ לארגון (צוות רפואי, מוסדות חינוך, גורמי רווחה) אפשרות לייזום ולהשתתפות במחקרים פסיכולוגיים השתתפות בימי עיון, בהשתלמויות מקצועיות ובהדרכת סטודנטים דרישות התפקיד : תואר שני לפחות בפסיכולוגיה רישום כפסיכולוג/ית מומחה/ית בפנקס הפסיכולוגים של משרד הבריאות יחסי אנוש טובים ויכולת עבודה בצוות רצון לעשות הסמכה להדרכה ניסיון באבחון, טיפול ובעבודת צוות במכוני התפתחות ילד *תינתן עדיפות למועמדים/ות עם מוגבלויות"
אורתודנט/ית - Orthodontist,מרכז רפואי אוניברסיטאי סורוקה,באר שבע,2026-05-20,https://jobs.clalitapps.co.il/clalit/redmatch-apply/redmatch.apply.html?compPositionID=49647,רפואה,,"למרכז הרפואי סורוקה דרוש/ה אורתודנט/ית לחצי משרה תיאור תפקיד: טיפול, יעוץ וליווי מטופלים הסובלים ממומים מולדים המשפיעים על המבנה הקרניו-פציאלי שיתוף פעולה הדוק עם מחלקת כירורגיה פנים ולסתות תוך חשיפה למגוון רחב של מקרים רפואיים מורכבים עבודה בצוות רב-תחומי ושימוש בטכנולוגיות מתקדמות השתתפות בישיבות אורתו-כירורגיות וישיבות חיך שסוע במסגרת ביה""ח דרישות התפקיד: תואר מומחה/ית באורתודונטיה תואר ברפואת שיניים (D.M.D) ממוסד מוכר רישיון קבוע לעסוק ברפואת שיניים בישראל עדיפות לבעלי/ות ניסיון מחקרי *תינתן עדיפות למועמדים/ות בעלי/ות מוגבלות"
תוכנית התמחות בכירורגיה פה ולסת,מרכז רפואי אוניברסיטאי סורוקה,באר שבע,2026-05-20,https://jobs.clalitapps.co.il/clalit/redmatch-apply/redmatch.apply.html?compPositionID=49648,רפואה,,"אודות ההתמחות התוכנית מציעה הכשרה קלינית ואקדמית מקיפה בתחום כירורגיית פה ולסת, תוך חשיפה למגוון רחב של מקרים רפואיים מורכבים, עבודה בצוות רב-תחומי ושימוש בטכנולוגיות מתקדמות המתמחים/ות יזכו לליווי מקצועי צמוד, השתתפות בניתוחים, הדרכות, סמינרים ופעילות מחקרית היקף ומסגרת ההתמחות: משרה מלאה בביה""ח סורוקה משך ההתמחות בהתאם להנחיות המועצה המדעית ומשרד הבריאות השתתפות בתורנויות בהתאם לצורך תנאי סף להגשת מועמדות: תואר ברפואת שיניים (D.M.D) ממוסד מוכר רישיון קבוע לעסוק ברפואת שיניים בישראל ניסיון קליני של שנתיים תינתן עדיפות לבעלי/ות ניסיון מחקרי יכולת עבודה בצוות, אחריות ומוטיבציה גבוהה *תינתן עדיפות למועמדים/ות עם מוגבלויות"
פקיד/ת מרפאה,מחוז מרכז,"ראשון לציון, רחובות",2026-05-19,https://jobs.clalitapps.co.il/clalit/redmatch-apply/redmatch.apply.html?compPositionID=49642,מנהל ומטה,,"למרפאות בראשון לציון/רחובות דרוש/ה פקיד/ת מרפאה למשרה זמנית (9חודשים) העבודה במשרה מלאה פעמיים בשבוע עובדים מפוצל 07:30-13:00, 16:00-19:00 תיאור התפקיד: מתן שירות פרונטלי וטלפוני ללקוחות המרפאה בנושאים אדמיניסטרטיביים קביעת תורים לרפואה ראשונית ויועצת והכוונת הלקוחות לשירותים הרפואיים המתאימים מתן מידע על זכויות המגיעות ללקוחות בהתאם לסל השירותים טיפול בנושאי גבייה והחזרים כספיים ללקוחות המרפאה טיפול בקליטת לקוחות חדשים במרפאה מתן שירות אדמיניסטרטיבי לגורמים בתוך המרפאה: רופאים, אחיות, רוקחים, ובעלי מקצוע נוספים שותפות בהשגה ובמימוש יעדי המרפאה בתחומי השירות, האיכות הרפואית, גיוס לקוחות, שיווק שירותים ועוד דרישות התפקיד: תעודת בגרות מלאה - חובה ניסיון בתפקידי שירות ומכירה - יתרון תודעת שירות גבוהה יחסי אנוש טובים, שיתוף פעולה בצוות יכולת עבודה בסביבה ממוחשבת יכולת עבודה בתנאי לחץ ועומס שליטה בשפה העברית, שליטה בשפה נוספת - יתרון כושר הבעה גבוה בכתב ובע""פ *תינתן עדיפות למועמדים/ות עם מוגבלויות"
קלינאי/ת תקשורת,מרכז רפואי קפלן,רחובות,2026-05-19,https://jobs.clalitapps.co.il/clalit/redmatch-apply/redmatch.apply.html?compPositionID=49636,קלינאות תקשורת,,"למרכז רפואי קפלן דרוש/ה קלינאי/ת תקשורת למכון השמיעה תיאור התפקיד: ביצוע אבחון שמיעה באמצעים התנהגותיים ואובייקטיבים מגוונים לתינוקות, ילדים ומבוגרים והמלצה על אפשרויות התערבות שיקומית מתאימה תינתן אפשרות להשתלב בתחום שיקום שמיעה באמצעות עזרי שמיעה מושתלים ו/או בתחומי הערכת שיווי משקל קיימת אפשרות לשילוב מספר תחומי עיסוק (שמיעה/דיבור ו/או התפתחות הילד) דרישות התפקיד: תואר ראשון בקלינאות תקשורת רישיון עיסוק במקצוע (משרד הבריאות) ידיעת השפה העברית על בורייה ידיעת השפה האנגלית כדי קריאת ספרות מקצועית, שפה נוספת - יתרון יחסי אנוש טובים ויכולת עבודה בצוות סקרנות, מוטיבציה ללמידה ולהתפתחות מקצועית *עבודה בהתאם להסכם שכר ותנאים סוציאליים טובים *תינתן עדיפות למועמדים/ות עם מוגבלויות"
עובד/ת סוציאלי/ת,מחוז דן פתח תקווה,פתח תקווה,2026-05-19,https://jobs.clalitapps.co.il/clalit/redmatch-apply/redmatch.apply.html?compPositionID=49639,עבודה סוציאלית,,למרפאה פסיכוגריאטרית בתחום בריאות הנפש דרוש/ה עובד/ת סוציאלי/ת לעבודה טיפולית עם אוכלוסיית הגיל השלישי ובני משפחותיהם 50% משרה תיאור התפקיד: טיפול פסיכותרפיה פרטנית טיפול קבוצתי השתלבות בצוות רב מקצועי קשר עם גורמי קהילה ורווחה דרישות התפקיד: בוגר/ת בית הספר לפסיכותרפיה - יתרון משמעותי תואר שני בעבודה סוציאלית קלינית ניסיון בתחום בריאות הנפש הדרכה מקצועית והכשרות לימודיות מובטחות *תינתן עדיפות למועמדים/ות עם מוגבלויות
פיזיותרפיסט/ית,מחוז דן פתח תקווה,אלעד,2026-05-19,https://jobs.clalitapps.co.il/clalit/redmatch-apply/redmatch.apply.html?compPositionID=49637,פיזיותרפיה,,"למכון באלעד דרוש/ה פיזיותרפיסט/ית תיאור התפקיד: אבחון, הערכה וקביעת תוכנית התערבות מקצועית למטופל ביצוע טיפולים אישיים או קבוצתיים, בהתאם לצרכים הרפואיים של המטופלים הדרכת המטופל לתרגול עצמי התאמת אביזרי עזר למטופלים בהתאם לצורך מעקב אחר התקדמות המטופל, דיווח והתערבות השתתפות בישיבות צוות ודיונים הקשורים למטופלים השתתפות בישיבות צוות רב מקצועי והדרכות הצוות בנושאים מתחום הפיזיותרפיה השתתפות בעריכת מחקרים ובהדרכת סטודנטים מהחוגים לפיזיותרפיה השתתפות בפעילויות לחינוך וקידום בריאות של מטופלים, כגון סדנאות והרצאות דרישות התפקיד : תואר ראשון בפיזיותרפיה תעודת עיסוק בפיזיותרפיה מטעם משרד הבריאות שליטה בשפה העברית ידיעת השפה האנגלית כדי קריאת ספרות מקצועית יחסי אנוש טובים ויכולת עבודה בצוות *תינתן עדיפות למועמדים/ות עם מוגבלויות"
מנהל/ת חשבונות,מרכז רפואי אוניברסיטאי סורוקה,באר שבע,2026-05-19,https://jobs.clalitapps.co.il/clalit/redmatch-apply/redmatch.apply.html?compPositionID=49635,מנהל ומטה,,"למרכז הרפואי סורוקה דרוש/ה מנהל/ת חשבונות תיאור התפקיד: ריכוז חשבוניות ספקים וקבלנים ובדיקת התאמת חשבונות לפרטי הזמנות בדיקה ואישור נכונותם של חשבונות, עריכת פקודות חיוב או זיכוי חשבונות הספקים בהתאם קשר עם גורמים שונים בבית החולים ומחוצה לו - מנהלי ועובדי המחלקות, לקוחות, ספקים, קופה רישום פעולות חובה וזכות עפ""י הסעיפים התקציביים השונים ביצוע התאמות חודשיות ושנתיות התאמות בנקים התאמות ורישומים בתחומי השכר דרישות התפקיד: בגרות מלאה ותעודת הנהלת חשבונות סוג 3 ומעלה - חובה 3 שנים נסיון בתחום הנהלת חשבונות - חובה ניסיון בעבודה בגיליונות אלקטרוניים וסביבה ממוחשבת אנגלית ברמה גבוהה מאוד ניסיון בעבודה על תוכנות sap - יתרון תודעת שירות גבוהה, יחסי אנוש מצוינים ויכולת עבודה בצוות יכולת ניהול משימות, ארגון וסדר כושר ביטוי טוב בעברית *תינתן עדיפות למועמדים/ות עם מוגבלויות"
עובד/ת טכני/ת בפגייה,מרכז שניידר לרפואת ילדים בישראל,פתח תקווה,2026-05-19,https://jobs.clalitapps.co.il/clalit/redmatch-apply/redmatch.apply.html?compPositionID=49633,אחזקה ולוגיסטיקה,,"למרכז שניידר לרפואת ילדים דרוש/ה עובד/ת טכני/ת לפגיה 50% משרה, ימים א'-ה' 12:00-16:00 / 11:00 - 15:00 תיאור התפקיד: ביצוע חיבור טכני של הצנרת ושטיפתה ע""י נוזל ייעודי ביצוע מטלות נוספות בהתאם להנחיות הממונה עבודה בצוות רב מקצועי דרישות התפקיד: דייקנות ואחריות ידיעת השפה העברית - רמה טובה מאוד ידיעת השפה האנגלית - קריאה יכולת עבודה בצוות ויחסי אנוש טובים תודעת שירות גבוהה *תינתן עדיפות למועמדים/ות עם מוגבלויות"
מנתח/ת נתונים ומידע,מרכז שניידר לרפואת ילדים בישראל,גוש דן,2026-05-19,https://jobs.clalitapps.co.il/clalit/redmatch-apply/redmatch.apply.html?compPositionID=49632,מנהל ומטה,,"למרכז הרפואי שניידר דרוש/ה מנתח/ת נתונים ומידע במערך החדשנות והמחקר משרה מלאה 08:00-16:00 נכונות לש.נ הזדמנות מצוינת לצבור ניסיון מעשי בתחום ניתוח וחקר נתונים ברפואה, בעבודה צמודה עם קלינאים, חוקרים ומדעני נתונים מנוסים תיאור התפקיד סיוע בקידום פרויקטי מחקר פורצי דרך העושים שימוש בבינה מלאכותית לשיפור ניתוח נתונים קליניים על כל גווניהם, במטרה לשפר את הטיפול במטופלים ולקדם גילוים רפואיים מדעים סיוע באיסוף, ארגון וניקוי מאגרי נתונים קליניים ונתוני דימות ביצוע ניתוח נתונים ראשוני וויזואליזציה של נתונים פיתוח מודלים מבוססי בינה מלאכותית לאבחון ולחיזוי תוצאות הערכת ביצועי מודלים באמצעות מדדים מקובלים ושיטות ולידציה עבודה לצד קלינאים להבנת אתגרים מהשטח ותרגומם למשימות טכנולוגיות תיעוד תוצאות ותרומה להכנת מצגות ודוחות מדעיים התעדכנות בספרות מקצועית רלוונטית בתחומי בינה מלאכותית ורפואת עיניים דרישות התפקיד תואר ראשון או שני, יתרון במדעי המחשב, מדעי הנתונים, הנדסה ביו־רפואית או תחום רלוונטי אחר ניסיון מעשי של שנתיים ומעלה בעבודה עם מודלים של למידת מכונה ולמידה עמוקה היכרות עם Python וספריות כגון Pandas, NumPy, Matplotlib ו־scikit-learn הבנה טובה של מושגי למידת מכונה ותהליכי עבודה עם נתונים ניסיון עם תשתיות למידה עמוקה כגון PyTorch או TensorFlow ניסיון בעיבוד תמונה ובעבודה עם מאגרי נתונים רפואיים פרויקטים אקדמיים או אישיים קודמים בתחום בינה מלאכותית ברפואה - יתרון יכולת ללמוד ולעבוד בצוות רב־תחומי *תינתן עדיפות למועמדים/ות עם מוגבלויות"
פקיד/ת מרפאה,מחוז תל אביב יפו,תל אביב,2026-05-19,https://jobs.clalitapps.co.il/clalit/redmatch-apply/redmatch.apply.html?compPositionID=48784,מנהל ומטה,,"למרפאות בתל-אביב דרושים/ות מזכירים/ות במשרה מלאה שעות עבודה: יומיים בשבוע 7:30-15:30 יום בשבוע 7:30-13:30 יומיים בשבוע עבודה בפיצול 7:30-13:00+15:30-19:00 תיאור התפקיד: מתן שירות פרונטלי וטלפוני ללקוחות המרפאה בנושאים אדמיניסטרטיביים קביעת תורים לרפואה ראשונית ויועצת, והכוונת הלקוחות לשירותים הרפואיים המתאימים מתן מידע על זכויות המגיעות ללקוחות, בהתאם לסל השירותים טיפול בנושאי גבייה והחזרים כספיים ללקוחות המרפאה טיפול בקליטת לקוחות חדשים במרפאה מתן שירות אדמיניסטרטיבי לגורמים בתוך המרפאה: רופאים, אחיות, רוקחים, ובעלי מקצוע נוספים שותפות בהשגה ובמימוש יעדי המרפאה בתחומי השירות, האיכות הרפואית, גיוס לקוחות, שיווק שירותים ועוד דרישות התפקיד: תואר ראשון במנהל מערכות בריאות - יתרון ניסיון בתפקידי שירות ומכירה - יתרון תודעת שירות גבוהה יחסי אנוש טובים, שיתוף פעולה בצוות יכולת עבודה בסביבה ממוחשבת יכולת עבודה בתנאי לחץ ועומס שליטה בשפה העברית, שליטה בשפה נוספת - יתרון כושר הבעה גבוה בכתב ובע""פ *תינתן עדיפות למועמדים/ות עם מוגבלויות"
עובד/ת סוציאלי/ת,מחוז צפון,מגדל העמק,2026-05-19,https://jobs.clalitapps.co.il/clalit/redmatch-apply/redmatch.apply.html?compPositionID=49554,עבודה סוציאלית,,"למרפאת בריאות הנפש ילדים ונוער מגדל העמק, דרוש/ה עו""ס בחצי משרה העבודה כוללת פסיכותרפיה לילד ונוער והדרכות הורים דרישות התפקיד: רישום בפנקס העו""ס תואר שני בעבודה סוציאלית - חובה לימודי פסיכותרפיה ניסיון עבודה בתחום ילד ונוער תחילת עבודה 01.09.26 *תינתן עדיפות למועמדים/ות עם מוגבלויות"
קלינאי/ת תקשורת למרכזי שיקום רב תחומי טבריה ונצרת,מחוז צפון,טבריה ונצרת,2026-05-18,https://jobs.clalitapps.co.il/clalit/redmatch-apply/redmatch.apply.html?compPositionID=48880,קלינאות תקשורת,,"למרכז שיקום טבריה ונצרת דרוש/ה קלינאי/ת תקשורת משרה חלקית, 20 ש""ש לפחות תיאור התפקיד: השתלבות בצוות רב מקצועי עבודה עם אוכלוסייה מגוונת אפשרות להעברת אבחונים, טיפולים וקבוצות הדרכה פרטנית שבועית והשתתפות בהשתלמויות השתתפות בישיבות צוות התפתחות מקצועית בסביבה חמה ותומכת דרישות תפקיד: תואר ראשון בקלינאות תקשורת עדיפות לבעלי/ות ניסיון בעבודה עם מבוגרים *תינתן עדיפות למועמדים/ות עם מוגבלויות"
קלינאי/ת תקשורת,מרכז רפואי קפלן,רחובות,2026-05-18,https://jobs.clalitapps.co.il/clalit/redmatch-apply/redmatch.apply.html?compPositionID=48223,קלינאות תקשורת,,"למרכז רפואי קפלן דרוש/ה קלינאי/ת תקשורת- מכון דיבור בליעה וקול תיאור התפקיד: לעבודה מעניינת ומאתגרת בצוות צעיר ומתפתח ובממשק רב מקצועי לאבחון, ייעוץ וטיפול בהפרעות שפה, דיבור, קול ובליעה במרפאות ובמחלקות בית החולים השונות . אפשרות להשתלב בתחומי התמקצעות ייחודיים כשיקום מבוגרים לאחר כריתת גרון . עבודה בממשק עם צוותים של רופאי א.א.ג, נוירולוגים, תזונאיות ועוד . ישיבות צוות סדירות . זכאות לימי עיון, כנסים והשתלמויות . הדרכה וליווי מקצועי בהתאם לצורך . עבודה בהתאם להסכם השכר החדש של ההסתדרות ותנאים סוציאליים טובים . הכרחי - נכונות לעבודה בהיקף משרה של 40% לפחות (יומיים) . דרישות התפקיד: תואר ראשון בקלינאות תקשורת רישיון עיסוק במקצוע (משרד הבריאות) עדיפות לבעלי/ות ניסיון קודם בתחום ידיעת השפה העברית על בורייה כושר הבעה בכתב ובע""פ ידיעת השפה האנגלית כדי קריאת ספרות מקצועית *תינתן עדיפות למועמדים/ות עם מוגבלויות"
קלינאי/ת תקשורת,מרכז רפואי קפלן,רחובות,2026-05-18,https://jobs.clalitapps.co.il/clalit/redmatch-apply/redmatch.apply.html?compPositionID=48222,קלינאות תקשורת,,"למרכז רפואי קפלן דרוש/ה קלינאי/ת תקשורת למכון להתפתחות הילד. תיאור התפקיד: לעבודה מעניינת ומאתגרת בצוות מתפתח ובממשק רב מקצועי דרושה קלינאית תקשורת לאבחון וטיפול בהפרעות תקשורת, שפה ודיבור בפעוטות וילדים בגיל הרך (עד גיל 3 שנים) עבודה בצוות רב תחומי (נוירולוגיה, פסיכולוגיה, ריפוי בעיסוק ופיזיותרפיה) כולל ישיבות צוות סדירות זכאות לימי עיון, כנסים והשתלמויות הדרכה מקצועית בהתאם לצורך עבודה בהתאם להסכם השכר החדש של ההסתדרות ותנאים סוציאליים טובים הכרחי- נכונות לעבודה בהיקף משרה של 40% לפחות (יומיים) דרישות התפקיד: תואר ראשון בקלינאות תקשורת רישיון עיסוק במקצוע (משרד הבריאות) עדיפות לבעלי ניסיון קודם ידיעת השפה העברית על בורייה כושר הבעה בכתב ובע""פ ידיעת השפה האנגלית כדי קריאת ספרות מקצועית *תינתן עדיפות למועמדים/ות עם מוגבלויות"
כוח עזר,מרכז רפואי העמק,עפולה,2026-05-14,https://jobs.clalitapps.co.il/clalit/redmatch-apply/redmatch.apply.html?compPositionID=47211,אחזקה ולוגיסטיקה,,"תיאור התפקיד: ניקוי וארגון יחידת החולה סיוע בטיפול בחולה (הלבשה, האכלה, רחצה וכו') טיפול במלאי ותקינות ציוד במחלקה ביצוע משימות במחלקה - הבאת ציוד ותרופות, העברת ציוד לתיקון, הזמנת כביסה וכו' סיוע בתחזוקה שוטפת וניקיון של מכשור רפואי וציוד מתכלה נכונות לעבוד בכלל המחלקות הזמנת מזון למחלקה וחלוקת מזון דרישות התפקיד: נכונות לעבודה במשמרות כולל שבתות וחגים ידיעת השפה העברית יכולת בסיסית בהפעלת מחשב יחסי אנוש טובים ויכולת לפעול בצוות ובשיתוף פעולה בגרות מלאה (יתרון) * תינתן עדיפות למועמדים/ות עם מוגבלויות"
מהנדס/ת חשמל,מרכז רפואי העמק,עפולה,2026-05-14,https://jobs.clalitapps.co.il/clalit/redmatch-apply/redmatch.apply.html?compPositionID=47733,הנדסה וטכנולוגיה,,"תיאור התפקיד : אחריות על מגוון נושאים הנדסיים במדור חשמל ביחידת האחזקה, בתיאום עם המהנדס הראשי יעוץ למהנדס הראשי בתחום החשמל אחריות לביצוע תוכניות העבודה השנתיות אחריות לביצוע העבודות באופן מקצועי ולקביעת סדרי עדיפויות ולוחות זמנים לביצוע אחריות ליצירת קשר עם קבלני חוץ ופיקוח על ביצוע ואישור גמר עבודה תיאום וליווי יועצים ומתכננים מבחוץ וליווי ביצוע וקבלה של ציוד ובניה חדשה שותפות בוועדות מקצועיות הכנת אומדנים ותקצוב ודיווח לממונים יוזמ/ת פעילויות טכניות שונות ביצוע תפקידים נוספים לפי דרישת הממונים דרישות התפקיד : השכלה אקדמית (תואר ראשון) בהנדסת חשמל רישום בפנקס המהנדסים והאדריכלים רישיון חשמלאי/ת - מהנדס/ת (משרד התמ""ת) ניסיון של 3 שנים בתחום החשמל הכרות עם מערכות בקרת מבנה PLC ו- SCADA, רשת OT שליטה מלאה בשפה העברית כולל כתיבה והגשת דיווחים ידיעת השפה האנגלית כדי קריאת חומר טכני *תינתן עדיפות למועמדים/ות עם מוגבלויות"
מזכיר/ה למעבדה,מרכז רפואי מאיר,מרכז רפואי מאיר- כפר סבא,2026-05-14,https://jobs.clalitapps.co.il/clalit/redmatch-apply/redmatch.apply.html?compPositionID=49629,מנהל ומטה,,"למרכז הרפואי מאיר דרוש/ה מזכיר/ה למעבדה - בחצי משרה תיאור התפקיד: סיוע אדמניסטרטיבי לצוות המזכירות, לרבות: קבלת דגימות למעבדה מגורמי פנים/ חוץ וסיווגן, קליטה ורישום של הדגימות, ארכיון, תיוקים, מענה טלפוני מתן מענה לפניות מגורמים בבית החולים וגורמי חוץ, כולל: טיפול בפניות של נבדקים (בירורים לגבי תוצאות בדיקות/ ביצוע בדיקות), שיתוף פעולה עם צוות המכון הגנטי ומתן מענה לפניות מהמכון, טיפול בפניות ממרפאות בריאות האישה דרישות התפקיד: ניסיון בעבודת מזכירות בתחום הבריאות/תעודת מזכירות רפואית - יתרון דייקנות והקפדה על פרטים תודעת שירות וכושר ביטוי שליטה בסביבה ממוחשבת (נדרשת עבודה עם תוכנות שונות) יכולת לבצע תיעדוף משימות ויעילות שפות - ידיעת השפה העברית על בוריה, שפה נוספת - יתרון יחסי אנוש טובים ויכולת עבודה בצוות נכונות לעבודה במשרה חלקית 4 שעות *תינתן עדיפות למועמדים/ות עם מגבלויות"
הנדסאי/ת בניין,מרכז שניידר לרפואת ילדים בישראל,גוש דן,2026-05-14,https://jobs.clalitapps.co.il/clalit/redmatch-apply/redmatch.apply.html?compPositionID=49611,אחזקה ולוגיסטיקה,,"למרכז שניידר לרפואת ילדים דרוש/ה הנדסאי/ת בניין תיאור התפקיד: ניהול פרויקטים, התמחות בניהול וביצוע פרויקטים בענף הבנייה והתשתיות ליווי פרויקטים מורכבים משלב התכנון ועד שלב המסירה, תוך הקפדה על איכות, מקצועיות, עמידה בלוחות זמנים ניהול והובלה של פרויקטים משלב הייזום, תכנון ועד לסיום ומסירה עבודה שוטפת מול קבלני משנה, ספקים, יועצים וגורמים חיצוניים פיקוח על ביצוע העבודות בשטח, בקרת איכות ובטיחות ניהול לוחות זמנים, תקציבים ועמידה ביעדי הפרויקט פתרון בעיות בזמן אמת ומתן מענה מקצועי לצרכי הפרויקט עידכון נוהל FMS -10 מעקב וביצוע ביקורות סיוע בריכוז כלל המידע של הפרוייקטים למהנדס בית החולים יד ימינו של מהנדס בית החולים דרישות התפקיד: תואר מהנדס/ת/הנדסאי/ת בנין או אזרחי - חובה ניסיון של לפחות 3 שנים בניהול פרויקטים/מהנדס/ת ביצוע, יתרון במוסדות רפואה שליטה מלאה בתוכנת excel - חובה ניסיון בעבודה עם מחירון דקל - יתרון יכולת ניהול והובלה, סדר וארגון תקשורת בין־אישית מצוינת יכולת לימוד תוכנות עבודה חדשות - MONDAY *תינתן עדיפות למועמדים/ות עם מוגבלויות"
מנהל/ת אחזקה- מרכז רפואי מאיר,מרכז רפואי מאיר,מרכז רפואי מאיר- כפר סבא,2026-05-14,https://jobs.clalitapps.co.il/clalit/redmatch-apply/redmatch.apply.html?compPositionID=49620,מנהל ומטה,,"למרכז הרפואי מאיר דרוש/ה מנהל/ת אחזקה תיאור התפקיד: אירגון ופיקוח על צוותי האחזקה בבית החולים והדרכת הצוות בתפעול הציוד ואחזקתו אחריות לביצוע עבודות האחזקה המתוכננות, עבודות תיקון, שיפוץ ושיפור בציוד אירגון, ביצוע ופיקוח בתיאום עם מהנדס בית החולים אחריות למלאי חומרים וחלפים הדרושים לביצוע העבודות פיקוח על עבודות צוות העובדים והקבלנים כולל בדיקת כמויות וחשבונות ניהול רישום ומעקב אחרי דרישות היחידות השונות בבית החולים וצריכת אנרגיה אחריות לביצוע במועד של בדיקות כחוק ותפעוליות בציוד ובמערכות סיוע בהכנת תקציב האחזקה של בית החולים ואחריות על שמירת המסגרות יוזמה לשיפורים ושינויים במערכות הקיימות לשם ייעול תפוקתן מעורבות בפרויקטים המבוצעים בבית החולים בתיאום עם מהנדס בית החולים אחריות לעדכון תוכניות בנין/המערכות בעקבות שינויים ובניה חדשה טיפול במכרזים בנושאי אחזקה בהתאם לנהלים פיקוח על שימוש בכלים, חומרים ופרטי ציוד לאחרים אחריות לניהול מעקב ותיעוד של עבודות אחזקה ניהול העובדים בתחום בתאום עם מהנדס בית החולים ומנהל משאבי אנוש דרישות התפקיד: השכלה אקדמית (תואר ראשון) בהנדסה בתחומי: מכונות, חשמל או בנין (אזרחי- עם ניסיון באחזקה) רישום בפנקס המהנדסים והאדריכלים (משרד הכלכלה) ניסיון קודם של 5 שנים ומעלה בתחום המקצועי של תחזוקת מבנים, כולל ניסיון ניהולי בתחום ידע בתחום המקצועי (הכנת תקציב, קריאת תוכניות, הכנת כתבי כמויות, וכד') ידיעת השפה העברית על בוריה ידיעת השפה האנגלית, כדי קריאת ספרות מקצועית - יתרון כושר ניהול וארגון יכולת ניהול משא ומתן יכולת קבלת החלטות ידע בתוכנות מחשב רלבנטיות *תינתן עדיפות למועמדים/ות עם מוגבלויות"
קלינאי/ת תקשורת -  משרה חלקית,בית חולים בית רבקה – מרכז רפואי גריאטרי שיקומי,פתח תקווה,2026-05-13,https://jobs.clalitapps.co.il/clalit/redmatch-apply/redmatch.apply.html?compPositionID=47553,קלינאות תקשורת,,"דרוש/ה קלינאי/ת תקשורת בחלקיות משרה תיאור התפקיד: ביצוע אבחון והערכה למבוגרים, בתחומי התקשורת, השפה, הדיבור, הקול והבליעה. בתחום השפה והדיבור: הערכה של הפרעות שפה נרכשות, הפרעות בקצב הדיבור, בעיות קול ובליעה קביעת תוכנית טיפולית וטיפול בהתאם לממצאי ההערכה לקיחת חלק פעיל בעבודת צוות מקצועי ורב מקצועי השתתפות בימי עיון והשתלמויות, התעדכנות בחידושים מקצועיים אפשרות להשתתפות בפרויקטים ובמחקרים דרישות התפקיד : תואר ראשון בקלינאות תקשורת רשיון עיסוק במקצוע - תעודת הכרה במעמד של משרד הבריאות עברית ברמת שפת אם שליטה באנגלית כדי קריאת ספרות מקצועית כושר הבעה בכתב ובעל פה יכולת עבודה בסביבה ממוחשבת יחסי אנוש טובים ויכולת עבודה בצוות *תינתן עדיפות למועמדים/ות עם מוגבלויות"
עובד/ת מינהל במוקד,מחוז דן פתח תקווה,רמת גן,2026-05-13,https://jobs.clalitapps.co.il/clalit/redmatch-apply/redmatch.apply.html?compPositionID=49295,מנהל ומטה,,"למחוז דן פ""ת דרוש/ה עובד/ת מינהל במוקד מ.ס.ר תיאור התפקיד : קיצור ותיאום תורים למטופלי המחוז קידום וניהול הקשרים מול ספקי המחוז פיתוח ויצירת שיתופי פעולה, עם ספקים שבהסדרי המחוז ייצוג המחלקה מול מרפאות המחוז בכנסים ובביקורים יזומים ארגון ותכנון כנסים והדרכות לעובדי המנהל במחוז ארגון וקידום פרויקטים מיוחדים ממשק עבודה הדוק עם אנשי קשר בבתי החולים/ספקים שבהסדר דרישות התפקיד: תואר ראשון במדעי החברה והרוח/מנהל עסקים/ כלכלה 3 שנות ניסיון לפחות בעבודה ארגונית מנהלית ניסיון בניהול קשרי פנים וחוץ ארגוניים ידיעת השפה העברית על בוריה יכולת תכנון וארגון ברמה גבוהה יכולת הבעה בכתב ובע""פ תקשורת בינאישית טובה יכולת עבודה בסביבה לחוצה ודינאמית יכולת גבוהה לעבודה בצוות נכונות לעבודת שטח *תינתן עדיפות למועמדים/ות עם מוגבלויות"
פקיד/ת מרפאה,מחוז מרכז,יבנה,2026-05-13,https://jobs.clalitapps.co.il/clalit/redmatch-apply/redmatch.apply.html?compPositionID=49619,מנהל ומטה,,"למרפאה ביבנה דרוש/ה פקיד/ת מרפאה למשרה חלקית תיאור התפקיד: מתן שירות פרונטלי וטלפוני ללקוחות המרפאה בנושאים אדמיניסטרטיביים קביעת תורים לרפואה ראשונית ויועצת והכוונת הלקוחות לשירותים הרפואיים המתאימים מתן מידע על זכויות המגיעות ללקוחות בהתאם לסל השירותים טיפול בנושאי גבייה והחזרים כספיים ללקוחות המרפאה טיפול בקליטת לקוחות חדשים במרפאה מתן שירות אדמיניסטרטיבי לגורמים בתוך המרפאה: רופאים, אחיות, רוקחים, ובעלי מקצוע נוספים שותפות בהשגה ובמימוש יעדי המרפאה בתחומי השירות, האיכות הרפואית, גיוס לקוחות, שיווק שירותים ועוד דרישות התפקיד: תעודת בגרות מלאה - חובה ניסיון בתפקידי שירות ומכירה - יתרון תודעת שירות גבוהה יחסי אנוש טובים, שיתוף פעולה בצוות יכולת עבודה בסביבה ממוחשבת יכולת עבודה בתנאי לחץ ועומס שליטה בשפה העברית, שליטה בשפה נוספת - יתרון כושר הבעה גבוה בכתב ובע""פ *תינתן עדיפות למועמדים/ות עם מוגבלויות"
רכז/ת מדיה חברתית,מחוז דרום,באר שבע,2026-05-13,https://jobs.clalitapps.co.il/clalit/redmatch-apply/redmatch.apply.html?compPositionID=49615,מנהל ומטה,,"למחוז דרום דרוש/ה רכז/ת מדיה מחוזית הזדמנות להצטרף לעשייה משמעותית בארגון מוביל בתפקיד המשלב חדשנות דיגיטלית, שירות והשפעה על חווית המטופל אם הנך בעל/ת חשיבה שיווקית, היכרות עם עולמות הסושיאל והשירות ויכולת לעבוד בסביבה דינמית ומאתגרת מקומך איתנו תיאור התפקיד: אחריות כוללת על ניהול המדיה החברתית לרבות פעילות בערוצי שירות, שיווק ותקשורת פנים ארגונית ניהול, תפעול ומעקב שוטף אחר פעילות בפלטפורמות הדיגיטליות והסושיאל ניטור שיח ברשת ובקבוצות קהילתיות, איתור פניות, תכנים והזדמנויות לקידום פעילות המחוז ניהול והרחבת פעילות בקבוצות פייסבוק, וואטסאפ וקהילות דיגיטליות נוספות בהתאם לאסטרטגיית המחוז ניהול קבוצת ""שגרירי שירות מקומיים"" וליווי פעילות השגרירים במחוז אחריות לניהול קבוצת פייסבוק מחוזית פנים ארגונית בתיאום עם הפעילות הפנים ארגונית הארצית הפצת מסרים שיווקיים פנים ארגוניים, כולל הפקה והפצה של תכנים לעובדים בערוצים מגוונים: דיוור,SMS, מסכים דיגיטליים, פוסטרים, חומרים למרפאות וערוצי תקשורת נוספים עבודה מול ממשקים פנים ארגוניים וספקים חיצוניים לקידום קמפיינים ויוזמות שיווקיות ניהול מעקב ובקרה לכל נכסי הסושיאל הפקת דוחות מדידה וניתוח ביצועים של פעילויות סושיאל, כולל מעקב אחר מדדים וניתוח ROI אחריות לייזום והובלת מהלכים לחיזוק המותג, השירות וחווית הלקוח מענה על פוסטים שיווקיים של המחוז (שמטורגטים לאוכלוסיות ספציפיות) מענה שימונף לגיוס ושימור דרישות התפקיד: תואר ראשון במדעי החברה/ מנהל עסקים /שיווק/תקשורת ניסיון של לפחות שנה בניהול סושיאל מטעם מותג או מטעם משרד דיגיטל - חובה ניסיון בכתיבה, עריכת תוכן וקופרייטינג ברמה גבוהה היכרות וניסיון בעבודה עם פלטפורמות סושיאל, קהילות דיגיטליות וכלי מדידה ובקרה יכול עבודה עצמאית וניהול משימות במקביל תוך עמידה בלו""ז חשיבה שיווקית, יצירתיות, יוזמה ויכולת הובלת תהליכים תודעת שירות גבוהה יכולת עבודה בסביבה דינמית, מרובת ממשקים ותחת לחץ היכרות טובה עם עולם הבריאות, עם כללית ועם המחוז תהווה יתרון אנגלית ברמה טובה *תינתן עדיפות למועמדים/ות עם מוגבלויות"
מנהל/ת מדור מערכות מידע,הנהלה ראשית,תל אביב,2026-05-12,https://jobs.clalitapps.co.il/clalit/redmatch-apply/redmatch.apply.html?compPositionID=48717,מנהל ומטה,,"לחטיבת מערכות מידע ודיגיטל של הנהלה ראשית דרוש/ה מנהל/ת מדור מערכות מידע בפרויקטים חוצי ארגון תיאור התפקיד: אחריות על המדור של מערכות מידע בנושא סקרים, שאלונים, טפסים וארכוב דיגיטלי של מסמכים אחריות על תכניות עבודה של תחום הפעילות המדור אחריות להכנה וניהול תקציב ניהול צוות עובדים שותפות בעבודת המדור - ניהול של פרויקטים, תכנון ופיתוח תהליכים טיפול במשימות, ייעוץ מקצועי בתחום ואחריות על עמידה בלוחות הזמנים קיום קשרי עבודה וייצוג התחום מול גורמים רלוונטיים באגף, בארגון ומחוץ לו אחריות על כל הנושאים הכרוכים בניהול המדור - תכתובת, תקשורת, תחזוקה, רכש, הכנת מצגות, דיווח ועוד דרישות התפקיד: השכלה אקדמית (תואר ראשון) במדעי המחשב, הנדסת תעשיה וניהול (מערכות מידע), הנדסת מחשבים, הנדסת תוכנה, או מערכות מידע. ניסיון קודם של 5 שנים ומעלה בגוף IT בתחום ניהול, פיתוח וניתוח מערכות מידע, כולל ניסיון בניהול צוותים - חובה ידע מקצועי מעמיק, נרחב ועדכני בתחומים הרלוונטיים - חובה הבנה במסמכי ארכיטקטורה של מערכות מידע היכרות עם סביבות ענן הבנה טכנוליגית מעמיקה בעולמות הפיתוח, הגנת המידע, תשתיות - יתרון נסיון בניהול תקציב ראייה מערכתית רחבה גמישות סמכותיות מקצועית יחסי אנוש טובים מיקום משרה: בניין ארט- בני ברק *תינתן עדיפות למועמדים/ות עם מוגבלויות"
פקיד/ת מרפאה,מחוז תל אביב יפו,תל אביב,2026-05-12,https://jobs.clalitapps.co.il/clalit/redmatch-apply/redmatch.apply.html?compPositionID=48786,מנהל ומטה,,"הצטרפו לארגון הבריאות המוביל בישראל למרפאה בת""א דרוש/ה פקיד/ת מרפאה בחצי משרה 4 ימים בשבוע 8:00-12:00/13:00 יום אחד בשבוע 15:00-19:00 ימי ו': בין פעם לפעמיים בחודש בין השעות 8:00-12:00 תנאים מעולים! תיאור התפקיד: מתן שירות פרונטלי וטלפוני ללקוחות המרפאה בנושאים אדמיניסטרטיביים קביעת תורים לרפואה ראשונית ויועצת, והכוונת הלקוחות לשירותים הרפואיים המתאימים מתן מידע על זכויות המגיעות ללקוחות, בהתאם לסל השירותים טיפול בנושאי גבייה והחזרים כספיים ללקוחות המרפאה טיפול בקליטת לקוחות חדשים במרפאה מתן שירות אדמיניסטרטיבי לגורמים בתוך המרפאה: רופאים, אחיות, רוקחים, ובעלי מקצוע נוספים שותפות בהשגה ובמימוש יעדי המרפאה בתחומי השירות, האיכות הרפואית, גיוס לקוחות, שיווק שירותים ועוד דרישות התפקיד: תעודת בגרות מלאה - יתרון תואר ראשון במנהל מערכות בריאות - יתרון ניסיון בתפקידי שירות ומכירה תודעת שירות גבוהה יחסי אנוש טובים, שיתוף פעולה בצוות יכולת עבודה בסביבה ממוחשבת יכולת עבודה בתנאי לחץ ועומס שליטה בשפה העברית שליטה בשפה נוספת - יתרון כושר הבעה גבוה בכתב ובע""פ *תינתן עדיפות למועמדים/ות עם מוגבלויות"
ראש צוות אשראי ובנקים,הנהלה ראשית,אור יהודה,2026-05-12,https://jobs.clalitapps.co.il/clalit/redmatch-apply/redmatch.apply.html?compPositionID=48915,מנהל ומטה,,"דרוש/ה ראש צוות אשראי ובנקים במחלקת הבילינג של אגף התקשרויות ופיתוח עיסקי ממונה על: צוות אשראי ובנקים מיקום המשרה: אור יהודה תאור התפקיד : אחריות לשידורי חיובים וזיכויים ללקוחות כללית במסב ובקרדיט גארד הפקה, עיבוד וניתוח דוחות בקרה עבור שידורי מסב וקרדיט גארד על מנת לזהות מגמות, פערים וחריגות אחריות לביצוע בקרות של החזרים המבוצעים ללקוחות במחוזות כללית אחריות לטיפול בחריגות שעלו בבקרות החזרים מול המוסדות והמושלם ביצוע מעקב ובקרה על תנועות בחשבון בנק הבילינג ביצוע מאזן רבעוני של מחלקת הבילינג הפקת ניירות עבודה למושלם ולמחוזות כללית לצורך מאזן רבעוני מחוזי מתן מענה לפניות המחוזות ומושלם במקרים ייחודיים וסיוע במציאת פתרונות מתאימים טיפול בביטול יתרות של לקוחות לאחר אישור ועדות מחוזיות בניית תוכנית עבודה חודשית של צוות אשראי ובנקים הגשת דרישות לפיתוחים עבור דוחות רלוונטיים לצוות אשראי ובנקים דרישות התפקיד : תואר ראשון בכלכלה/ מינהל מערכות בריאות/ מדעי החברה ניסיון של 3 שנים בניהול צוות בק אופיס/מוקד תפעולי ניסיון בעבודה על מערכות ERP ומערכות מחשוב שונות - יתרון ניסיון בהנה""ח ו/או בילינג - יתרון יכולת הובלה והנעת צוות ניסיון בעבודה בארגונים גדולים ולמול גורמים בכירים בארגון יכולת למידה עצמאית של מערכות מחשוב חדשות שליטה טובה בתוכנות office ובפרט excel יכולת פתרון בעיות בזמן אמת ראייה מערכתית כוללת במקביל ליכולת ירידה לפרטים הקטנים יכולת ניהול עצמי גבוהה ידיעת השפה העברית על בוריה אחריות אישית גבוהה יחסי אנוש טובים *תינתן עדיפות למועמדים/ות עם מוגבלויות"
פקיד/ת מרפאה,מחוז מרכז,בית דגן,2026-05-12,https://jobs.clalitapps.co.il/clalit/redmatch-apply/redmatch.apply.html?compPositionID=49612,מנהל ומטה,,"למרפאה בבית דגן דרוש/ה פקיד/ת מרפאה למשרה חלקית תיאור התפקיד: מתן שירות פרונטלי וטלפוני ללקוחות המרפאה בנושאים אדמיניסטרטיביים קביעת תורים לרפואה ראשונית ויועצת והכוונת הלקוחות לשירותים הרפואיים המתאימים מתן מידע על זכויות המגיעות ללקוחות בהתאם לסל השירותים טיפול בנושאי גבייה והחזרים כספיים ללקוחות המרפאה טיפול בקליטת לקוחות חדשים במרפאה מתן שירות אדמיניסטרטיבי לגורמים בתוך המרפאה: רופאים, אחיות, רוקחים, ובעלי מקצוע נוספים שותפות בהשגה ובמימוש יעדי המרפאה בתחומי השירות, האיכות הרפואית, גיוס לקוחות, שיווק שירותים ועוד דרישות התפקיד: תעודת בגרות מלאה - חובה ניסיון בתפקידי שירות ומכירה - יתרון תודעת שירות גבוהה יחסי אנוש טובים, שיתוף פעולה בצוות יכולת עבודה בסביבה ממוחשבת יכולת עבודה בתנאי לחץ ועומס שליטה בשפה העברית, שליטה בשפה נוספת - יתרון כושר הבעה גבוה בכתב ובע""פ *תינתן עדיפות למועמדים/ות עם מוגבלויות"
כלכלן/ית,מחוז חיפה וגליל מערבי,עכו והסביבה,2026-05-11,https://jobs.clalitapps.co.il/clalit/redmatch-apply/redmatch.apply.html?compPositionID=49192,מנהל ומטה,,"דרוש/ה כלכלן/ית ליחידה למידע ניהולי למשרה מלאה בעכו והסביבה תיאור התפקיד: הפקת נתונים ממחסני נתונים תוך יכולת לבנות שאילתות לוגיות (Business Objects) בקרה וניתוח הוצאות כלכליות, כולל עיבודים ב-Excel עיסוק בכלכלת בריאות תוך נגיעה במגוון רחב של תכנים בהם עוסק הארגון: איכות רפואית, שירות, תהליכי עבודה, התייעלות כלכלית פיתוח כלים ניהוליים, הנגשת המידע והטמעה של תהליכים במטה ובשטח מתן מענה ליחידות המטה והשטח בתחומי המידע עבודה מול מנהלות ומרפאות בשטח, ליווי יחידות בשטח, ביצוע הדרכות והנעת תהליכים (כולל התניידות עצמאית בין מרפאות על פי הצורך) הכוונה וליווי בכתיבת תוכניות עבודה שנתיות וביצוע מעקב ובקרה אחר סטטוס הביצוע. דרישות התפקיד: תואר ראשון בכלכלה או במנהל עסקים - חובה רצוי ניסיון עד שנתיים רמה אישית גבוהה נכונות למשרה מלאה יכולת ניידות עצמאית כחלק מהתפקיד שליטה מלאה ב office לרבות ידע ב- Excel כולל נוסחאות *תינתן עדיפות למועמדים/ות עם מוגבלויות"
קלינאי/ת תקשורת,מרכז שניידר לרפואת ילדים בישראל,גוש דן,2026-05-11,https://jobs.clalitapps.co.il/clalit/redmatch-apply/redmatch.apply.html?compPositionID=49599,קלינאות תקשורת,,"למרכז שניידר לרפואת ילדים דרוש/ה קלינאי/ת תקשורת במשרה חלקית תיאור התפקיד : ביצוע בדיקות שמיעה מסוג ABR לתינוקות, פעוטות וילדים Auditory Brainstem Response ביצוע תפקידים נוספים, בתחום המקצועי, לפי הוראות הממונה דרישות התפקיד: השכלה אקדמית (תואר ראשון) בקלינאות תקשורת רישיון עיסוק במקצוע (משרד הבריאות) ידיעת השפה העברית על בורייה ידיעת השפה האנגלית כדי קריאת ספרות מקצועית יכולת עבודה בצוות ניסיון בביצוע בדיקות ABR כושר התבטאות מצויין בעל פה ובכתב, ויכולת תקשורת מצויינות עם הורים *תינתן עדיפות למועמדים/ות עם מוגבלויות"
מזכיר/ת למחלקת שיווק,מחוז דן פתח תקווה,רמת גן,2026-05-11,https://jobs.clalitapps.co.il/clalit/redmatch-apply/redmatch.apply.html?compPositionID=49591,מנהל ומטה,,"להנהלת מחוז דן פ""ת דרוש/ה מזכיר/ה למחלקת שיווק תיאור התפקיד: ליווי פרוייקטים שיווקים במחוז אחריות על מכלול עבודות המזכירות במשרד, טיפול בדואר נכנס ויוצא, הדפסת חומר מגוון, תיוק, מענה לטלפונים וכו' קביעת פגישותיה של המנהלת ותיאום לוח הזמנים רישום פרוטוקולים מישיבות והפצתם עפ""י דרישת הממונה ריכוז והכנת חומר מגוון עבור ישיבות וועדות בהתאם להנחיית המנהלת קשר עם גורמים שונים במוסד ומחוצה לו שותפות בתהליכים במחלקה טיפול בחשבוניות המחלקה ניהול קובץ התקציב שליטה בתוכנות המידע ועיבוד נתונים לפי דרישה הכנת מצגות PP למידת מערכות הכללית (טאבלו, סאפ, עידן קהילה, ניפנדו, בינה) הוצאת נתונים והנגשתם למנהלת השיווק ברמה יומית, עפ""י בקשה דרישות התפקיד: תעודת בגרות, חובה (תואר ראשון - יתרון) ניסיון של שנתיים בעבודות מזכירות יחסי עבודה ואנוש תקינים ידיעת השפה העברית על בורייה שפה נוספת - יתרון *תינתן עדיפות למועמדים/ות עם מוגבלויות"
עובד/ת סוציאלי/ת,מרכז רפואי לשיקום לוינשטיין,רענננה,2026-05-10,https://jobs.clalitapps.co.il/clalit/redmatch-apply/redmatch.apply.html?compPositionID=49583,עבודה סוציאלית,,"למרכז הרפואי לוינשטיין דרוש/ה עו""ס למכון להערכה תפקודית (חוות דעת לביטוח לאומי) תיאור התפקיד : ראיונות חד פעמיים עם תובעים בתהליך הכרה מול הביטוח הלאומי כתיבת דוחות כחלק מתהליך של הוועדה הרפואית תינתן הדרכה וליווי בכניסה לתפקיד והכשרה מקצועית בהתאם שכר לפי הסכמי השכר של העו""ס דרישות התפקיד : תואר ראשון בעבודה סוציאלית - חובה רישיון עיסוק בעבודה סוציאלית- חובה שליטה מלאה בשפה העברית ויכולת הבעה בכתב - חובה ידיעת השפה הערבית - יתרון *תינתן עדיפות למועמדים/ות עם מוגבלויות"
מזכיר/ה,הנהלה ראשית,תל אביב,2026-05-10,https://jobs.clalitapps.co.il/clalit/redmatch-apply/redmatch.apply.html?compPositionID=49587,מנהל ומטה,,"להנהלה ראשית דרוש/ה מזכיר/ה ללשכה המשפטית תיאור התפקיד : ביצוע מכלול פעילויות המזכירות השונות, כולל טיפול בדואר נכנס ויוצא, הדפסת חומר מגוון, תיוק, מענה לטלפונים וכו' קביעת פגישות הממונה ותיאום לוח הזמנים שלו רישום פרוטוקולים מישיבות והפצתם עפ""י דרישת הממונה ריכוז והכנת חומר מגוון עבור ישיבות, ועדות או טיפול אחר בהתאם להנחיית הממונה קשר עם גורמים שונים במוסד ומחוצה לו דרישות התפקיד : השכלה תיכונית - תעודת בגרות ידיעת השפה העברית על בורייה שליטה מלאה בתוכנות OFFICE יחסי עבודה ואנוש תקינים היכרות עם SAP - יתרון *תינתן עדיפות למועמדים/ות עם מוגבלויות"
כלכלן/ית,מחוז צפון,נוף הגליל,2026-05-10,https://jobs.clalitapps.co.il/clalit/redmatch-apply/redmatch.apply.html?compPositionID=49584,מנהל ומטה,,"למחוז צפון דרוש/ה כלכלן/ית למחלקת בקרה ותיקצוב למשרה זמנית, החלפה לחל""ד ימים ראשון עד חמישי בין השעות 08:00 – 16:00 תיאור התפקיד: בקרה מעקב והתחשבנות כספית מול מספר בתי חולים ריכוז משימות כלל צוותי הבקרה במספר בתי חולים ביקורים, דיונים שוטפים וסגירות שנה בבתי חולים בקרה שוטפת ודיווח להנהלה הראשית ועמידה בלוחות זמנים הכנה והשתתפות בפגישות ודיונים במוסדות שונים בארגון ביצוע משימות נוספות בהתאם להוראות ממונה דרישות התפקיד: תואר ראשון בכלכלה או הנדסה - תואר שני - יתרון שליטה בשפה העברית ואנגלית, כושר הבעה גבוה בכתב ובע""פ יכולת ניתוח נתונים מרובים ודו""חות , יכולת הסקת מסקנות ראייה מערכתית וחשיבה יצירתית יוזמה ויכולת הנעת תהליכים יכולות עבודה עצמאית יחסי אנוש טובים, יכולת השפעה ויכולת עבודה בצוות. יכולת עבודה בסביבה ממוחשבת, שליטה מלאה בתוכנות Office ובכלל זה business object *תינתן עדיפות למועמדים/ות עם מוגבלויות"
טבח/ית,מרכז לבריאות הנפש שלוותה,הוד השרון,2026-05-07,https://jobs.clalitapps.co.il/clalit/redmatch-apply/redmatch.apply.html?compPositionID=47417,אחזקה ולוגיסטיקה,,"למרכז בריאות הנפש שלוותה דרוש/ה טבח/ית למשרה מלאה. תיאור התפקיד: אחריות לעבודות בישול מקצועיות במטבח בית החולים הכנת התפריט בהתאם למתכונים נתונים במסגרת צוות בישול ובתאום עם טבח/ית בכיר/ה ביצוע העבודה תוך הקפדה על איכות הבישול, כללי הניקיון, תברואה, היגיינה ובטיחות העברת המזון המוכן לכלים המתאימים לשלם חלוקתו ליעדיו דרישות התפקיד: בוגר/ת בי""ס מוסמך לטבחים/יות ו/או קורסים מקבילים מוכרים ידיעת השפה העברית עבודה במשמרות וסופי שבוע לפי הצורך (סבב) *תינתן עדיפות למועמדים/ות עם מוגבלויות"
"מזכיר/ה ומתאמ/ת תיירות מרפא לאגף שיווק, פיתוח עסקי וקשרי חוץ",מרכז רפואי מאיר,מרכז רפואי מאיר - כפר סבא,2026-05-07,https://jobs.clalitapps.co.il/clalit/redmatch-apply/redmatch.apply.html?compPositionID=49579,טכנולוגיות רפואיות,,"למרכז הרפואי מאיר דרוש/ה מזכיר/ה ומתאמ/ת תיירות מרפא, לאגף שיווק, פיתוח עסקי וקשרי חוץ תיאור התפקיד: תיאום תיירות מרפא, קשרי חוץ וליווי מטופלים: תאום בין לקוחות תיירות מרפא סוכני תיירות, תיירים ומטופלים מחו""ל לבין מחלקות ומכוני ביה""ח. אחריות על שיווק שירותים רפואיים הניתנים לתיירים לגורמי חוץ וללקוחות מחו""ל. מתן מענה לפניות בנושא שירותי תיירות מרפא, כולל הסבר על שירותים, תהליכים ותיאומים נדרשים. מעקב אחר הצעות מחיר, אישורים, תשלומים ותהליכי שירות מול הלקוחות וגורמים רלוונטיים. תיאום שירותים רפואיים, בדיקות, ניתוחים, טיפולים וייעוצים בהתאם לצרכי הלקוח. ליווי מטופלים, אורחים וספורטאים בעת הגיעם לבית החולים ובמהלך שהותם. קשר שוטף מול גורמי רפואה בוועד האולימפי ותיאום בין צרכי הספורטאים לבין מחלקות ומכוני ביה""ח. ליווי ותיאום צרכים רפואיים עבור גורמי חוץ כגון: סגלי שגרירויות, תורמים, משלחות ואישים שונים. פעילות מזכירות ואדמיניסטרציה: ניהול יומן ותיאום פגישות עבור מנהל שיווק, פיתוח עסקי וקשרי חוץ. הכנת חומרים לישיבות , כתיבת סיכומים ומעקב אחרי משימות. ניסוח תכתובות רשמיות בעברית ובאנגלית. הכנת מצגות ומסמכים ניהוליים. מתן תמיכה אדמיניסטרטיבית וסיוע בקידום פרויקטים, בהתאם לצרכי האגף ולסדרי עדיפויות משתנים. ריכוז מידע, מעקב אחרי תהליכים, תיעוד ועדכון נתונים במערכות הרלוונטיות. דרישות העיסוק: השכלה אקדמית (תואר ראשון לפחות) עברית ברמה גבוהה מאוד, לרבות יכולת ניסוח בכתב ובע""פ. אנגלית ברמה גבוהה מאוד - חובה ידיעת שפות נוספות יתרון, בדגש על רוסית. ניסיון בתפקיד אדמיניסטרטיבי , שירותי - יתרון. ניסיון בעבודה במערכת בריאות או מול מערכות רפואיות - יתרון. שליטה מלאה ביישומי Oficce, לרבות Eexcel, WORD, Outlook, PowerPount תודעת שירות גבוהה, יחסי אנוש מצויינים ויכולת עבודה מול קהלים מגוונים. יכולת ניהולן מספר משימות במקביל, בסביבה דינאמית ומרובת ממשקים. *תינתן עדיפות למועמדים/ות עם מוגבלויות"
מחסנאי/ת לוגיסטי/ת בבאר שבע,מחוז דרום,באר שבע,2026-05-07,https://jobs.clalitapps.co.il/clalit/redmatch-apply/redmatch.apply.html?compPositionID=49576,אחזקה ולוגיסטיקה,,"למחסן לוגיסטי בבאר שבע דרוש/ה מחסנאי/ת העבודה בימים ראשון עד חמישי בין השעות 07:00-15:00 הסעות למקום העבודה מהעיר ב""ש תיאור התפקיד: ליקוט והכנת הזמנות למשלוחים קליטות טובין וסידורם העמסה ופריקה של סחורה סידור ציוד במחסנים ספירות מלאי תקופתיות עבודה על מערכת ERP SAP דרישות התפקיד: 12 שנות לימוד - חובה נכונות לעבודה פיזית - חובה 1-2 שנות ניסיון כמחסנאי/ת במחסן ממוחשב - יתרון רישיון למלגזה- עדיפות בעל/ת תודעת שרות ומוטיבציה ללמידה ידיעה השפה העברית ברמת אם שמירה על סדר, ארגון וניקיון *תינתן עדיפות למועמדים/ות עם מוגבלויות"
רכז/ת פרט ושכר,מרכז לבריאות הנפש גהה,פתח תקווה,2026-05-06,https://jobs.clalitapps.co.il/clalit/redmatch-apply/redmatch.apply.html?compPositionID=49574,מנהל ומטה,,"למחלקת משאבי אנוש במרכז לבריאות הנפש גהה דרוש/ה רכז/ת פרט ושכר במשרה מלאה תיאור התפקיד: טיפול כוללני בעובד מקליטתו ועד פרישתו טיפול בעדכונים שוטפים בתחומי כ""א ושכר של העובד (כגון: קרנות השתלמות פנסיה, שעות נוספות, תנאים סוציאליים, החזר הוצאות ונושאי פרט נוספים) מתן שרות לעובדים הפונים לבירורים במחלקת משאבי אנוש הפקת דוחות ותלושי שכר מעקב אחר ביצוע תשלומים וזיכויים ביצוע בקרה ומעקב טיפול בבירורים בנושא זכאויות שכר דרישות המשרה השכלה אקדמית (תואר ראשון) - חובה ניסיון בתפקיד דומה - חובה תעודת חשבי שכר.- יתרון יחסי אנוש טובים, תודעת שירות גבוהה, יכולת התמודדות עם קונפליקטים ועבודה בשיתוף פעולה ידיעת השפה העברית על בוריה יכולת ניהול משימות, ארגון וסדר * תינתן עדיפות למועמדים/ות עם מוגבלויות"
מנהל/ת חשבונות,מרכז שניידר לרפואת ילדים בישראל,גוש דן,2026-05-06,https://jobs.clalitapps.co.il/clalit/redmatch-apply/redmatch.apply.html?compPositionID=49573,מנהל ומטה,,"למרכז שניידר לרפואת ילדים דרוש/ה מנהל/ת חשבונות משרה מלאה א'-ה' 08:00-16:00 נכונות לשעות נוספות תיאור התפקיד: בדיקה ואישור נכונות חשבוניות, עריכת פקודות חיוב או זיכוי חשבונות הספקים בהתאם מעקב וחיוב מוסדות עבור שירותים רפואיים קשר עם גורמים שונים ומוסדות בנקאיים הכנת חומר למאזן פעולות נוספות בהתאם להוראות ממונה ממשק עבודה וניתוח כרטיסים עבודה מול מנהלי קרנות ניתוחים חשבונאיים /כלכליים לבניית דוחות שונים דרישות התפקיד: בגרות מלאה חובה - רצוי תואר ראשון תואר ראשון - כלכלה/חשבונאות - יתרון תעודת הנהלת חשבונות סוג 2, רצוי 3 - חובה ניסיון בתחום, היכרות עם מערכת ה sap - יתרון שליטה מלאה ב excel (כולל נוסחאות) יכולת אנליטית יחסי אנוש טובים כושר הבעה בכתב ובעל פה *תינתן עדיפות למועמדים/ות עם מוגבלויות"
אורטופטיקאי/ת,מרכז שניידר לרפואת ילדים בישראל,גוש דן,2026-05-06,https://jobs.clalitapps.co.il/clalit/redmatch-apply/redmatch.apply.html?compPositionID=49572,אחר,,"למרכז הרפואי שניידר דרוש/ה אורטופטיקאי/ת תיאור התפקיד : ביצוע בדיקות וטיפול בילדים ומבוגרים בנושאי הפרעות ראיה שונות בפיקוח רופא עיניים ועפ""י הנחיותיו ביצוע בדיקות לאבחון בעיות בראיה כגון: בדיקות לראיה כפולה, איתור ומדידה של שרירים פגומים, בדיקת שדות ראיה, פזילה, עין עצלה וליקויים הנובעים ממחלות או תאונות עפ""י הנחיות הרופא מתן המלצות באשר לסוגי הטפול הדרוש ולאחר ניתוח למטופלים עפ""י הנחיות הנפקת מרשם למשקפיים לאישורו של רופא העיניים המפנה הפעלת ציוד אורטופטיקה לביצוע תפקידיו ווידוא מעקב אחר פעילותו התקינה, ביצוע עבודות אחזקה ותיקונים של הציוד עפ""י הצורך יצירת קשר עם גורמים מקצועיים בביה""ח לעדכון ותיאום הדדיים ביצוע תפקידים נוספים בתחום המקצועי עפ""י הנחיות הממונה דרישות התפקיד : השכלה על תיכונית במכללה לאופטומטריה רישיון ישראלי לעיסוק באופטומטריה מטעם משרד הבריאות ידיעת השפה העברית על בוריה ידיעת שפה לועזית כדי קריאת ספרות מקצועית מקובלת בארץ *תינתן עדיפות למועמדים/ות עם מוגבלויות"
מזכיר/ה למרפאות חוץ,מרכז לבריאות הנפש שלוותה,הוד השרון,2026-05-06,https://jobs.clalitapps.co.il/clalit/redmatch-apply/redmatch.apply.html?compPositionID=48440,מנהל ומטה,,"למרכז הרפואי שלוותה דרוש/ה מזכיר/ה במערך האמבולטורי - משרה מלאה/ חלקית עבודה עם שליחות, מסירות והרבה נתינה תיאור התפקיד : טיפול בנושא תורים במרפאה: זימון/ביטול/הזזה/מידע וכו' מתן מענה טלפוני במרפאה אחריות להכנת תיקי המוזמנים למרפאה טיפול בנושא האדמיניסטרציה של מטופלים המגיעים למרפאה סיוע למטופל במקרים בהם ישנה בעיה בהשגת מסמכים והתחייבויות הנחוצים לקבלת טיפול אחריות להפניית חייבים לתשלום לקופת בית החולים דיווח במערכת ממוחשבת על הפעולות שבוצעו במרפאה אחריות לשליחת הודעות ומכתבים למטופל וליחידות אחרות אשר אליהם מופנה המטופל אחריות לתיוק/סריקת חומר רפואי ומנהלי לתיק המטופל ביצוע מטלות משרדיות נוספות בהתאם לצורך והנחיות הממונה דרישות התפקיד : השכלה תיכונית מלאה- תעודת בגרות (רצוי תעודת מזכירות רפואית) תודעת שירות ידיעת השפה העברית על בוריה ושליטה חלקית בשפה האנגלית רצויה ידיעה של שפות זרות נוספות הכרת נהלים ותקנות (בתחומים הרלוונטיים) כושר ביטוי בע""פ ובכתב יחסי אנוש טובים יכולת עבודה בצוות *תינתן עדיפות למועמדים/ות עם מוגבלויות"
מנהל/ת סיעוד,מחוז דן פתח תקווה,אור יהודה,2026-05-06,https://jobs.clalitapps.co.il/clalit/redmatch-apply/redmatch.apply.html?compPositionID=48948,אחים ואחיות,,"למרפאה ראשונית באור יהודה דרוש/ה מנהל/ת סיעוד תיאור התפקיד: אחריות לניהול כולל של תחום הסיעוד במרפאה מתן שירותי רפואת משפחה הכוללת עבודה בחדר טיפולים, מעקבים אחר חולים כרוניים וטיפול כוללני במטופלי המרפאה כחלק מהצוות המוביל אחריות לשמירה ופיתוח של היבטים מקצועיים בשירותי הסיעוד במרפאה אחריות להדרכה ופיתוח מקצועיים של הסגל הסיעודי מפעיל/ה באופן שוטף את הצוות הסיעודי במרפאה שותפות בהנחיה ובהדרכה למטופלי המרפאה דרישות התפקיד: בוגר/ת בי""ס לסיעוד, רישוי עבודה כאח/ות מוסמכ/ת (תעודת רישום) תואר ראשון מוכר בסיעוד יתרון לתואר שני בסיעוד או בניהול מערכות בריאות עדיפות לבוגר/ת קורס על בסיסי ברפואה ראשונית ניסיון קודם של 5 שנים ומעלה בעשייה סיעודית בקהילה ידיעת השפה העברית על בוריה, ואנגלית כדי קריאת ספרות מקצועית כושר ניהול וארגון מיומנויות בין אישיות גבוהות *תינתן עדיפות למועמדים/ות עם מוגבלויות"
"מזכיר/ה ללשכת סמנכ""ל",הנהלה ראשית,תל אביב,2026-05-06,https://jobs.clalitapps.co.il/clalit/redmatch-apply/redmatch.apply.html?compPositionID=49108,מנהל ומטה,,"דרוש/ה מזכיר/ה ללשכת סמנכ""ל בחטיבת מערכות מידע ודיגיטל משרה מלאה בימים א-ה, בין השעות 9:00-17:00 תיאור התפקיד : אחריות לארגון עבודת המשרד ביצוע מכלול עבודות האדמיניסטרציה השוטפות וסיוע בביצוע משימות, כולל מעקב אחר משימות ועמידה ביעדים ניתוב מסמכים, הקלדות וריכוז חומרים נדרשים, תיוק, מתן מענה טלפוני ותמיכה לעובדי היחידה אחריות לניהול יומן כולל תאומי פגישות של ראש החטיבה רישום והקלדת סיכומי ישיבות והפצתם ע""פ דרישה ריכוז והכנת חומרי עזר עבור ישיבות, ועדות או טיפול אחר בהתאם להנחיות הממונה קשרים לתפעול שוטף של ענייני המשרד עם גורמים שונים במוסד ומחוצה לו דרישות התפקיד : השכלה תיכונית - תעודת בגרות בוגר/ת קורס מוכר למזכירות - יתרון ידיעת השפה העברית על בורייה רצויה - ידיעת השפה האנגלית שליטה מלאה בתכנות office עבודה קודמת עם מערכת ""סער"" - יתרון ידע וניסיון עבודה בסאפ לוגיסטי (הזמנות וחשבוניות) - יתרון יחסי אנוש מצויינים, עבודה עצמאית ובצוות יכולת למידה וסבלנות יכולת עבודה ותיאום גבוהה מול ממשקים מרובים במקביל ידע וניסיון אדמיניסטרטיבי בתפעול משרד יכולות גבוהות של ארגון וסדר *תינתן עדיפות למועמדים/ות עם מוגבלויות"
רופא/ה לוועדות רפואיות- Doctors for medical committees,מרכז רפואי לשיקום לוינשטיין,רעננה,2026-05-05,https://jobs.clalitapps.co.il/clalit/redmatch-apply/redmatch.apply.html?compPositionID=48708,רפואה,,"למערך הוועדות הרפואיות של ביטוח לאומי דרושים/ות רופאים/ות מומחים/יות בהתמחויות הבאות: רופא/ה מומחה/ית באף אוזן גרון רופא/ה מומחה/ית בפסיכיאטריה תיאור התפקיד: ביצוע ועדות רפואיות לקביעת שיעור נכות ע""פ תקנות הביטוח הלאומי, עם מזכירת ועדה אשר דואגת לניהול התיק ורישום הפרוטוקול תוך כדי הועדה שעות פעילות המכון: ימים א' עד ה' 08:00-16:00, ימי ב' עד השעה 18:30. ניתן להגיע לחלקי ימים/לתאם השתתפות פר וועדה המשרה מתאימה גם לרופאים/ות שכירים/ות בכללית אשר יקבלו את התגמול באמצעות תלוש שכר, או רופאים/ות עצמאים/יות כנגד חשבונית דרישות התפקיד : רישיון לעסוק ברפואה בישראל מומחיות נדרשת לפחות 5 שנים ניסיון בוועדות רפואיות - יתרון פרטי המועמדים יועברו ללשכה הרפואית של הביטוח הלאומי * תינתן עדיפות למועמדים/ות עם מוגבלויות"
מחסנאי/ת,מנהל הספקה,חיפה,2026-05-04,https://jobs.clalitapps.co.il/clalit/redmatch-apply/redmatch.apply.html?compPositionID=49564,אחזקה ולוגיסטיקה,,"דרוש/ה מחסנאי/ית למשמרת בוקר העבודה כוללת משימות פיזיות שונות כמו: ליקוט סחורה לפי הזמנה, סידור קרטונים על משטחים וכו' העבודה מצריכה נכונות ויכולת לעבודה פיזית, עמידה מרובה על הרגליים והרמת משאות כבדים של עד 20 קילו תיאור ה תפקיד: ביצוע תכניות עבודה יומית (קבלה, אחסון, רענון, ליקוט, ניפוק, ספירה) עפ""י הנחיות מנהל האיזור בדיקת המשטחים באזור הקבלה, קריאת מדבקות ברקוד וקבלת איתורי אחסנה מומלצים במסופון שינוע משטחים מאזור הקבלה במחסן לאתרי האחסון (איתורי Bulk או איתורי איסוף) ודיווח על ביצוע(סריקת האיתור) ליקוט משטחים/פריטים מאתרי האחסון עפ""י תוכנית הליקוט תוך בדיקת נכונות האיתור והכמותבאמצעות קוראי ברקוד והעברת הפריטים לאזור ריכוז משלוחים שינוע קרטונים לאחר סיום אריזה ובקרה מאזור המשלוחים אל מחסן ההפצה ביצוע ספירות מלאי באמצעות תדפיסים או מסופונים עדכון תוצאות ספירה במערכת SAP עפ""י מדרג סמכויות ביצוע רענון מלאי במחסן עפ""י משימות העברה ממערכת SAP הצגת יוזמות ורעיונות לשיפורים בתחומי הפעילות ביצוע מטלות נוספות עפ""י הנחיית הממונה דרישות התפקיד: השכלה תיכונית (תעודת בגרות)/12 שנות לימוד - חובה רישיון נהיגה - חובה ניסיון של שנה ומעלה בתחום המחסנים ו/או לוגיסטיקה ידיעת השפה העברית והאנגלית ברמה טובה - חובה הכרת תהליכי העבודה המתבצעים במחסן הכרת מערכות מידע לוגיסטיות לרבות מערכות WCS ו-SAP - יתרון הכרת תהליכי העבודה במערכת ה-ERP ואמצעים טכנולוגיים נוספים - קוראי ברקוד, מסופונים תודעת שירות יחסי אנוש טובים סדר, ארגון ושיטתיות בעבודה תיתכן עבודה עם מלגזות משקל נגדי או אחרות היתר למלגזה בעומס - יתרון תנאים נוספים: קרן השתלמות מהיום הראשון הסעות או נסיעות על פי חוק קרן פנסיה ומחלה על פי חוק *תחילת העסקה דרך כ""א, בין 3 חודשים ל 9 חודשים יש אופציה לקליטה לתקן כללית *תינתן עדיפות למועמדים/ות עם מוגבלויות"
פסיכולוג/ית קליני/ת מומחה/ית - מרפאת קמה,מרכז לבריאות הנפש שלוותה,הוד השרון,2026-05-04,https://jobs.clalitapps.co.il/clalit/redmatch-apply/redmatch.apply.html?compPositionID=49549,פסיכולוגיה,,"למרכז לבריאות הנפש שלוותה - מרפאת קמה, מרפאה לטיפול בטראומה ואובדן דרוש/ה פסיכולוג/ית קליני/ת מומחה ל 50% משרה, החלפה לחל""ד תיאור התפקיד: טיפול ממוקד טראומה במטופלים מבוגרים, תוך עבודה אינטגרטיבית ושימוש בכלים טיפוליים מבוססי ראיות בטיפול בטראומה עבודה בצוות רב מקצועי, עם מטופלים שמתמודדים עם השלכות טראומה אקוטית השתתפות בישיבות צוות, הדרכה פרטנית על טיפול בטראומה והכשרות מקצועיות בתחום נוכחות חובה בימי רביעי בבוקר (ישיבות צוות) דרישות התפקיד: פסיכולוג/ית קליני/ת עם רישום כפסיכולוג/ית מומחה/ית בפנקס הפסיכולוגים של משרד הבריאות ניסיון וידע בטיפול בטראומה (חובה) הכשרה ב-PE, EMDR או CPT (יתרון) יחסי אנוש טובים ויכולת עבודה בצוות *תינתן עדיפות למועמדים/ות עם מוגבלויות"
רופא/ה מתמחה לרפואת משפחה,מרכז רפואי רבין,"הוד השרון, כפר קאסם, ראש העין, אריאל, פ""ת, רמת גן, קרית אונו, + אילת והערבה",2026-05-04,https://jobs.clalitapps.co.il/clalit/redmatch-apply/redmatch.apply.html?compPositionID=47709,רפואה,,"תיאור התפקיד : מסלול התמחות בן 4 שנים. הכולל את השלבים הבאים : 15 חודשים במחלקה לרפואת המשפחה - מרפאת שלב א' בליווי מדריך 9 חודשים במחלקה פנימית חודשיים במחלקה לרפואה דחופה 5 חודשים ברפואת ילדים : חודשיים במחלקת ילדים, חודשיים במחלקה לרפואה דחופה ילדים, חודש במרפאת ילדים בבי""ח או מרפאת ילדים בקהילה או אשפוז יום ילדים חודשיים במרפאה פסיכיאטרית אמבולטורית בקהילה או בבית החולים חודשיים רוטציות לבחירה ממגוון מקצועות חודש במחלקה לרפואת המשפחה 12 חודשים במחלקה לרפואת המשפחה - מרפאה שלב ב ' קורס אוניברסיטאי ברפואת המשפחה דרישות התפקיד : השכלה אקדמית - תואר MD רישיון ממשלתי בתוקף ורישוי לעסוק במקצוע הרפואה במדינת ישראל * ניתן להגיש מועמדות במהלך הסטאז' ולפני קבלת הרישיון"
מנהל/ת אֲחָיוּת,מחוז דן פתח תקווה,רמת גן,2026-05-03,https://jobs.clalitapps.co.il/clalit/redmatch-apply/redmatch.apply.html?compPositionID=49106,אחים ואחיות,,"למרפאת מודיעין ברמת גן דרוש/ה מנהל/ת אֲחָיוּת תיאור התפקיד: שותפות בצוות המוביל של המרפאה בהכנת תוכנית עבודה שנתית, תוך קביעת יעדים מדידים, מעקב בקרה וסיכום ניהול הפעילות הסיעודית במרפאה: מתן הנחיות לצוות, חלוקת משימות, מתן מענה מקצועי לבעיות מורכבות, טיפול בחריגים וניהול ישיבות צוות אחריות למתן שירותי סיעוד כולל מתן מענה ראשוני (לקוחות לא מוזמנים וכד') בדיקות מעבדה, טיפולים וכד' ניהול פרויקטים ותהליכים לקידום בריאות ומניעת מחלות, כולל ייזום וביצוע הדרכה וסדנאות אחריות על ביצוע מעקב וניהול תכנית טיפול סיעודית למטופלים חולים כרוניים אחריות ליישום והטמעה של נהלים והנחיות מקצועיות במרפאה, בהתאם למדיניות המחוז, הארגון ומשרד הבריאות ניהול עובדי האֲחָיוּת במרפאה: ניתוח צרכים, ויסות וניוד, תכנון ויישום, גיוס וקליטה, חניכה והערכת עובד חדש, הערכת ביצועים, טיפול בבעיות אישיות ובין אישיות אחריות לייזום, תכנון, עידוד והפעלה של תכניות ופעולות פיתוח ידע ומיומנות של צוות האֲחָיוּת , בהתאם לצרכי המטופלים והמרפאה קשר עם גורמי חוץ, בארגון או מחוצה לו, תיאום וקבלת שירותים ייצוג המרפאה בפני גורמים אחרים במחוז או ספקי שרות ייזום שיפורים וחידושים בפעילות המרפאה (בשיתוף הממונים) לרבות הפעלה של פרויקטים ומחקרים אחריות לניהול תקציב ומלאי של חומרים וציוד רפואי מתכלה במרפאה ולתקינות המכשור הרפואי אחריות לתיעוד ודיווח של מידע סיעודי ומנהלי למינהלת ולמחוז ביצוע טיפול סיעודי בלקוחות הפונים למרפאה דרישות התפקיד: השכלה בסיעוד: בוגרי/ות בית ספר לסיעוד השכלה אקדמית (תואר ראשון) מוכר לסיעוד: תואר ראשון באֲחָיוּת או בניהול מערכות בריאות רצוי קורס על בסיסי ברפואה ראשונית/בריאות הציבור רישוי עבודה כאח/ות מוסמך/ת (תעודת רישום). ניסיון קודם של שנתיים לפחות באֲחָיוּת ולפחות חצי שנה בקהילה ידע מקצועי עדכני ונרחב בתחום האחריות ידיעת החוקים והתקנות הרלוונטיים לקהילה ידיעת השפה העברית על בורייה, שליטה בשפה האנגלית (כדי קריאת ספרות מקצועית) יחסי אנוש תקינים יכולת הפעלת צוות כושר תכנון וארגון יכולת הדרכה והנחיה *תינתן עדיפות למועמדים/ות עם מוגבלויות"
לקיחת דמים + גבסן/ית בבית שמש,מחוז ירושלים,בית שמש,2026-05-03,https://jobs.clalitapps.co.il/clalit/redmatch-apply/redmatch.apply.html?compPositionID=49547,אחר,,"למשרה משולבת במרפאות בבית שמש (ביג + מרפאות בשכונות חרדיות) דרוש/ה גבסן/ית +לקיחת דמים תיאור התפקיד: לקיחת דמים גברים/נשים במרפאות החרדיות בשעות הבוקר בהמשך הכנת גבס למטופלים המגיעים למרפאה האורטופדית בביג ומופנים על ידי הרופא העבודה מתאימה לאנשים עם יכולת ונכונות לעבודה פיזית רצוי - אך לא חובה - רקע רפואי (פרמדיק/ית, חובש/ת וכד') דרישות התפקיד: יכולת למידה לביצוע עבודה טכנית וגם פיזית יכולת עבודה בצוות גדול (מול סקטורים שונים:מינהל, סיעוד, רפואה, רוקחים) תודעת שרות גבוהה במיוחד יכולת לעבוד תחת לחץ (בדומה לחדר מיון) שעות העבודה כוללות בוקר/ערב לפי הצורך היקף משרה נדרש: חלקי - לקיחת הדמים נדרשת בשעות בוקר, השאר גמיש אפשרות להתפתח בעתיד *תינתן עדיפות למועמדים/ות עם מוגבלויוות"
רופא/ת ילדים -  pediatricians,מחוז צפון,עפולה,2026-05-03,https://jobs.clalitapps.co.il/clalit/redmatch-apply/redmatch.apply.html?compPositionID=49543,רפואה,,"למרכז בריאות הילד עפולה דרוש/ה רופא/ת ילדים תיאור התפקיד: ביצוע אבחונים, גיבוש תוכניות טיפול וטיפול במטופלים במרפאה במסגרת רפואת המשפחה עידוד מעורבות פעילה של הורי המטופל בטיפול ובמעקב אחרי הילד השתתפות בוועדות, בישיבות ובדיונים בנושאים מקצועיים שונים, במרפאה ובמחוז העברת מידע רפואי, בכתב או בעל פה, על פי הצורך ובהתאם לדרישות ולנהלים קיום קשרי עבודה עם גורמים שונים בקהילה, ועם גורמי חוץ, כגון אקדמיה, בתי חולים ועוד ביצוע פעילות אקדמית של הדרכה ומחקר במסגרת הקהילה ומוסדות אקדמיים על פי הצורך והמצאי השתלבות במערך הרפואה המחוזי, על פי המקובל ובהתאם להסכמים ולצרכים התעדכנות מקצועית שוטפת, באמצעות ספרות מקצועית, מקורות מידע מקוונים, כנסים, השתלמויות ועוד ביצוע מטלות נוספות בתחום המקצועי, לפי הוראות הממונה דרישות התפקיד : תואר MD ברפואה רישיון ישראלי לעסוק ברפואה תעודה מוכרת של מומחיות ברפואת ילדים ידע מקצועי נרחב ועדכני בתחום הפעילות המקצועית הכרת החוקים, התקנות והנהלים הרלוונטיים שליטה בשפה העברית, ושליטה באנגלית לפחות כדי קריאת ספרות מקצועית ידיעת שפה נוספת - יתרון תקשורת בין אישית טובה עם מטופלים ובני משפחותיהם שיתוף פעולה בצוות שירותיות, סבלנות ואמפתיה לזולת *תינתן עדיפות למועמדים/ות עם מוגבלויות"
רופא/ת ילדים - pediatricians,מחוז צפון,מינהלת הגליל,2026-05-03,https://jobs.clalitapps.co.il/clalit/redmatch-apply/redmatch.apply.html?compPositionID=49541,רפואה,,"תיאור התפקיד: ביצוע אבחונים, גיבוש תוכניות טיפול וטיפול במטופלים במרפאה במסגרת רפואת המשפחה עידוד מעורבות פעילה של הורי המטופל בטיפול ובמעקב אחרי הילד השתתפות בוועדות, בישיבות ובדיונים בנושאים מקצועיים שונים, במרפאה ובמחוז העברת מידע רפואי, בכתב או בעל פה, על פי הצורך ובהתאם לדרישות ולנהלים קיום קשרי עבודה עם גורמים שונים בקהילה, ועם גורמי חוץ, כגון אקדמיה, בתי חולים ועוד ביצוע פעילות אקדמית של הדרכה ומחקר במסגרת הקהילה ומוסדות אקדמיים על פי הצורך והמצאי השתלבות במערך הרפואה המחוזי, על פי המקובל ובהתאם להסכמים ולצרכים התעדכנות מקצועית שוטפת, באמצעות ספרות מקצועית, מקורות מידע מקוונים, כנסים, השתלמויות ועוד ביצוע מטלות נוספות בתחום המקצועי, לפי הוראות הממונה דרישות התפקיד : תואר MD ברפואה רישיון ישראלי לעסוק ברפואה תעודה מוכרת של מומחיות ברפואת ילדים ידע מקצועי נרחב ועדכני בתחום הפעילות המקצועית הכרת החוקים, התקנות והנהלים הרלוונטיים שליטה בשפה העברית, ושליטה באנגלית לפחות כדי קריאת ספרות מקצועית ידיעת שפה נוספת - יתרון תקשורת בין אישית טובה עם מטופלים ובני משפחותיהם שיתוף פעולה בצוות שירותיות, סבלנות ואמפתיה לזולת *תינתן עדיפות למועמדים/ות עם מוגבלויות"
אח/ות למרפאה ראשונית,מחוז מרכז,גן יבנה,2026-05-03,https://jobs.clalitapps.co.il/clalit/redmatch-apply/redmatch.apply.html?compPositionID=49126,אחים ואחיות,,"תיאור התפקיד: קבלת מטופלים, תכנון הטיפול, ביצוע והערכה ריכוז הטיפול הסיעודי במטופל או במספר מטופלים, תוך שיתוף גורמים מקצועיים רלוונטיים, לרבות הדרכה והנחייה של מטופלים ובני משפחותיהם יצירת תנאים סביבתיים הולמים להבטחת בטיחות ונוחות המטופל במהלך טיפול, כולל טיפול בחולים אשר נמצאים בבידוד - ע""פ הנחיות מקצועיות עבודה עם רופאי המחלקה, השתתפות בביקורי הצוות הרפואי אצל מטופלים כולל הצגה ועדכון הטיפול הסיעודי הכנה וחלוקת תרופות למטופלים בכפוף לנהלים ולהנחיות תיעוד ודיווח בכתב ובעל פה על מצב מטופלים והטיפול בהם עדכון בידע, מיומנויות וחידושים, העשרה מקצועית בימי עיון, השתלמויות , כנסים מחקרים ועוד דיווח לאחות אחראית על כל המתרחש בתחום הפעילות ביצוע מטלות נוספות לפי הוראת הממונה דרישות התפקיד: השכלה בסיעוד - בוגר/ת בי""ס לסיעוד - חובה רישוי עבודה כאח/ות מוסמכ/ת (תעודת רישום) - חובה עדיפות לבעלי/ות על בסיסי ברפואה ראשונית וגריאטריה ניסיון במרפאה ראשונית - יתרון ידיעת השפה האנגלית ועברית יכולת הדרכה יכולת עמידה בלחצים *תינתן עדיפות למועמדים/ות עם מוגבלויות"
אח/ות מוסמכ/ת ליחידת המחליפים,מחוז מרכז,אשדוד,2026-05-03,https://jobs.clalitapps.co.il/clalit/redmatch-apply/redmatch.apply.html?compPositionID=48931,אחים ואחיות,,"תיאור התפקיד: קבלת מטופלים, תכנון הטיפול, ביצוע והערכה ריכוז הטיפול הסיעודי במטופל או במספר מטופלים, תוך שיתוף גורמים מקצועיים רלוונטיים, לרבות הדרכה והנחייה של מטופלים ובני משפחותיהם יצירת תנאים סביבתיים הולמים להבטחת בטיחות ונוחות המטופל במהלך טיפול, כולל טיפול בחולים אשר נמצאים בבידוד - ע""פ הנחיות מקצועיות עבודה עם רופאי המחלקה, השתתפות בביקורי הצוות הרפואי אצל מטופלים כולל הצגה ועדכון הטיפול הסיעודי הכנה וחלוקת תרופות למטופלים בכפוף לנהלים ולהנחיות תיעוד ודיווח בכתב ובעל פה על מצב מטופלים והטיפול בהם עדכון בידע, מיומנויות וחידושים, העשרה מקצועית בימי עיון, השתלמויות , כנסים מחקרים ועוד דיווח לאחות אחראית על כל המתרחש בתחום הפעילות ביצוע מטלות נוספות לפי הוראת הממונה דרישות התפקיד: השכלה בסיעוד - בוגר/ת בי""ס לסיעוד - חובה רישוי עבודה כאח/ות מוסמכ/ת (תעודת רישום) - חובה עדיפות לבעלי/ות על בסיסי ברפואה ראשונית וגריאטריה ניסיון במרפאה ראשונית - יתרון ידיעת השפה האנגלית ועברית יכולת הדרכה יכולת עמידה בלחצים *תינתן עדיפות למועמדים/ות עם מוגבלויות"
אח/ות,מחוז שרון שומרון,רעננה/הרצליה/כפר סבא/נתניה,2026-05-03,https://jobs.clalitapps.co.il/clalit/redmatch-apply/redmatch.apply.html?compPositionID=47350,אחים ואחיות,,"למרפאות רעננה/הרצליה/ כפר סבא / נתניה דרוש/ה אח/ות בחלקיות משרה תיאור התפקיד: קבלת מטופלים למרפאה ותכנון הטיפול הסיעודי - אומדן, תכנון, ביצוע והערכה, לרבות הדרכה ואוריינטציה של המטופל ריכוז הטיפול תוך שיתוף גורמים מקצועיים רלוונטיים (רופא, עו""ס, דיאטנית, פיזיותרפיסט, ועוד) לרבות הדרכה והנחיית המטופלים ובני משפחותיהם מתן טיפול סיעודי בהתאם לצרכים ולהנחיות רפואיות: ביצוע בדיקות, מתן תרופות, התערבות סיעודית נדרשת על פי מצב המטופל סיוע לרופאים ויישום הוראות רפואיות: הכנת ציוד, מתן תרופות, סיוע ישיר בפעולות שונות לרבות הכנה והדרכת המטופל, הכנת הציוד, ניטור ודיווח תיעוד ודיווח בכתב ובעל פה על מטופלים והטיפול בהם ביצוע תחזוקה שוטפת של טכנולוגיות רפואיות ומתכלים במרפאה, כולל: זיהוי תקלות שונות, ניהול מלאי, טיפול בהתראות והפנייה לגורם המתאים תיאום הטיפול עם גורמים מקצועיים רלוונטיים מחוץ למרפאה (בית חולים או קהילה), כולל העברה ליחידה אחרת, דגימות למעבדה, בדיקות אחרות והדרכת החולה ובני משפחתו התעדכנות בידע, מיומנות וחידושים טכנולוגיים והעשרה מקצועית באמצעות: ספרות מקצועית, ימי עיון, השתלמויות, כנסים, מחקרים ועוד ביסוס הטיפול על ידע עדכני וחידושים טכנולוגיים דרישות התפקיד: השכלה באֲחָיוּת - בוגרי/ות בי""ס לאֲחָיוּת רצוי תואר ראשון באֲחָיוּת או בניהול מערכות בריאות רישוי עבודה כאח/ות מוסמך/ת (תעודת רישום) ידיעת השפה העברית, ידיעת אנגלית (כדי קריאת ספרות מקצועית) יחסי אנוש תקינים יכולות הדרכה עמידה בלחצים יכולת עבודה ושיתוף פעולה בצוות *תינתן עדיפות למועמדים/ות עם מוגבלויות"
עובד/ת סוציאלי/ת,בית חולים בית רבקה – מרכז רפואי גריאטרי שיקומי,פתח תקווה,2026-05-03,https://jobs.clalitapps.co.il/clalit/redmatch-apply/redmatch.apply.html?compPositionID=48807,עבודה סוציאלית,,"למרכז הרפואי בית רבקה דרוש/ה עובד/ת סוציאלי/ת תיאור התפקיד: מתן טיפול סוציאלי פרטני, משפחתי או קבוצתי למטופלים ו/או משפחותיהם, הזקוקים לסיוע בתחום האישי, החברתי, הכלכלי והנפשי כתוצאה ממחלה ייזום או קבלת פניות ממקורות שונים כגון: צוות רפואי, מוסדות רפואיים, קהילה ואחרים, לגבי הנזקקים לטיפול בנושאים הקשורים בחולי ובריאות קשר עם גורמים קהילתיים לצורך סיוע והנגשת זכויות למטופל הוצאה לפועל של תוכנית הטיפול שהותוותה תוך תיאום עם הגורמים הרלוונטים וקשר שוטף עם הצוות הרב מקצועי במחלקה, ביחידה ובבית החולים/קהילה מעקב אחר ביצוע תוכנית הטיפול אפשרות להשתתפות בין-מקצועית בייזום ובעריכת מחקרים בתחום הביו-פסיכו-סוציאלי דרישות התפקיד : תואר ראשון בעבודה סוציאלית. תואר שני - יתרון רישיון עיסוק בעבודה סוציאלית תעודת מומחיות בתחום הבריאות או בריאות הנפש - יתרון ניסיון קודם בעבודה סוציאלית במערכת הבריאות - יתרון שליטה מלאה בשפה העברית שליטה בשפה האנגלית כדי קריאת ספרות מקצועית יכולת עבודה בצוות *תינתן עדיפות למועמדים/ות עם מוגבלויות"
רכז/ת וועדות פסיכיאטריות,מרכז לבריאות הנפש גהה,פתח תקווה,2026-05-03,https://jobs.clalitapps.co.il/clalit/redmatch-apply/redmatch.apply.html?compPositionID=49538,מנהל ומטה,,"למרכז לבריאות הנפש גהה דרוש/ה רכז/ת וועדות פסיכיאטריות לעבודה מרתקת ומעניינת העבודה ב-50% משרה ימי שני ורביעי הינם ימי עבודה חובה - בשעות 08:00 עד 17:00 (פעם בחודש הוועדה מתקיימת בימי ראשון ולא שני) תיאור התפקיד: ניהול וועדות פסיכיאטריות: ריכוז המסמכים הנדרשים, הקלדת פרוטוקול, סיוע לרופאי הוועדה מתן שירות פרונטלי וטלפוני בנושאי הוועדה סריקת חומר רפואי וביצוע משימות משרדיות עבודה מול גורמי פנים וחוץ מתן שירות מקצועי, אנושי ורגיש כפיפות לסגן מנהל בית החולים נכונות לעבודה במתכונת גמישה ובהתאם לצרכי הארגון דרישות התפקיד: השכלה תיכונית (תעודת בגרות) תודעת שירות גבוהה שליטה מלאה בשפה העברית תקשורת בין אישית טובה *תינתן עדיפות למועמדים/ות עם מוגבלויות"
פקיד/ה למרפאה במטה בנימין,מחוז ירושלים,מטה בנימין,2026-05-03,https://jobs.clalitapps.co.il/clalit/redmatch-apply/redmatch.apply.html?compPositionID=49545,מנהל ומטה,,"דרוש/ה פקיד/ה למרפאה במטה בנימין (אדם/תל ציון) היקף המשרה חלקי (30 שעות בשבוע, כולל משמרות ערב עם פיצול) תיאור התפקיד: מתן שירות פרונטלי וטלפוני ללקוחות המרפאה בנושאים אדמיניסטרטיביים קביעת תורים לרפואה ראשונית ויועצת והכוונת הלקוחות לשירותים הרפואיים המתאימים מתן מידע על זכויות המגיעות ללקוחות בהתאם לסל השירותים טיפול בנושאי גבייה והחזרים כספיים ללקוחות המרפאה מתן שירות אדמיניסטרטיבי לגורמים במרפאה: רופאים, אחיות, רוקחים, ובעלי מקצוע נוספים מועמדים/ות מתאימים/ות יעברו תהליך מיון הכולל ראיונות, מבחני מחשב ומרכז הערכה דרישות התפקיד: תעודת בגרות מלאה או מבחני חוץ (סאלד) - חובה רכב פרטי - חובה ניסיון בתפקידי שירות ומכירה - יתרון תודעת שירות גבוהה יחסי אנוש טובים, שיתוף פעולה בצוות יכולת עבודה בסביבה ממוחשבת ובתנאי לחץ ועומס *תינתן עדיפות למועמדים/ות עם מוגבלויות"
"עובד/ת סוציאלי/ת למחלקה פנימית החלפה לחל""ד עם אופציה להארכה",מרכז רפואי אוניברסיטאי סורוקה,באר שבע,2026-05-03,https://jobs.clalitapps.co.il/clalit/redmatch-apply/redmatch.apply.html?compPositionID=47301,עבודה סוציאלית,,"למרכז הרפואי סורוקה דרוש/ה עובד/ת סוציאלי/ת לחטיבה הפנימית - מילוי מקום עם אפשרות להארכה תיאור התפקיד: מתן טיפול סוציאלי פרטני, משפחתי או קבוצתי למטופלים ו/או משפחותיהם, הזקוקים לסיוע בתחום האישי, החברתי, הכלכלי והנפשי כתוצאה ממחלה, בשיטות טיפול מקצועיות הנהוגות בעבודה סוציאלית ייזום או קבלת הפניות ממקורות שונים כגון צוות רפואי, מוסדות רפואיים, קהילה ואחרים, לגבי הנזקקים לטיפול בנושאים הקשורים בחולי ובריאות קשר עם גורמים קהילתיים לצורך סיוע והנגשת זכויות למטופל בתחומים הרלוונטיים הוצאה לפועל של תוכנית הטיפול שהותוותה תוך תיאום עם הגורמים הרלוונטיים וקיום קשר שוטף עם הצוות הרב מקצועי במחלקה, ביחידה ובבית החולים מעקב אחר ביצוע תוכנית הטיפול דרישות התפקיד: תואר ראשון בעבודה סוציאלית. תואר שני - יתרון רישיון עיסוק בעבודה סוציאלית יתרון לניסיון קודם בעבודה סוציאלית במערכת הבריאות יכולות בין אישיות טובות ויכולת עבודה בצוות *תינתן עדיפות למועמדים/ות עם מוגבלויות"
אח/ות,מחוז מרכז,ראשון לציון,2026-04-29,https://jobs.clalitapps.co.il/clalit/redmatch-apply/redmatch.apply.html?compPositionID=49536,אחים ואחיות,,"למרפאה יועצת דרוש/ה אח/ות תיאור התפקיד: תכנון, ארגון ותפעול שוטף של הטיפול הסיעודי ביחידה, אחריות לאבטחת איכות הטיפול הסיעודי ביחידה תוך ביצוע תהליכי בקרה ופעולות מתקנות ניהול שוטף של הפעילות הסיעודית במרפאה: מתן הנחיות לעובדים, חלוקת משימות, טיפול בחריגים, מתן מענה מקצועי לבעיות מורכבות וניהול ישיבות צוות, קשרי עבודה ותיאומים עם כל הגורמים הרלוונטיים לטיפול בחולים בתוך המרפאה ומחוץ לה, פגישות, ישיבות, תיאומים ודיווחים הפעלה וביצוע בקרה של תכניות ופעולות פיתוח ידע ומיומנות של עובדי הסיעוד, או משתלמים אחרים במרפאה יישום והטמעה של נהלים והנחיות מקצועיות ביחידה שותפות בתהליכי ניהול היחידה בהתייחס לתהליכי ומדדי איכות, ניהול המשאב האנושי, תקציב, ציוד ולוגיסטיקה. מעקב ובקרה אחר רמת השירות של גורמי אחזקת ציוד דרישות התפקיד: השכלה באֲחָיוּת - בוגר/ת בי""ס לאֲחָיוּת השכלה אקדמית (תואר ראשון) מוכר לאֲחָיוּת: תואר ראשון באֲחָיוּת או בניהול מערכות בריאות רישוי עבודה כאח/ות מוסמך/ת (תעודת רישום) ניסיון קודם של 5 שנים בתחום המקצועי (רצוי ניסיון ניהולי) ידע עדכני נרחב בתחום המקצועי של המרפאה ידיעת השפה העברית על בורייה, שליטה בשפה האנגלית (כדי קריאת ספרות מקצועית) יכולת תכנון וארגון, יחסי אנוש תקינים, יכולת הדרכה, יכולת עבודה בתנאי לחץ *תינתן עדיפות למועמדים/ות עם מוגבלויות"
רופא/ה מומחה/ית בפסיכיאטריה מבוגרים/ילדים,מחוז תל אביב יפו,תל אביב,2026-04-29,https://jobs.clalitapps.co.il/clalit/redmatch-apply/redmatch.apply.html?compPositionID=49534,רפואה,,"למרכז בריאות הנפש רמת חן תל-אביב דרושים פסיכיאטרים/ות מבוגרים/ילדים תיאור התפקיד : ביצוע אבחונים, גיבוש תוכניות טיפול וטיפול במטופלים השתתפות בוועדות, בישיבות ובדיונים בנושאים מקצועיים שונים במרפאה ובמחוז העברת מידע רפואי, בכתב או בעל פה, על פי הצורך ובהתאם לדרישות ולנהלים קשרי עבודה עם גורמים שונים בקהילה ועם גורמי חוץ כגון: אקדמיה, בתי חולים ועוד ביצוע פעילות אקדמית של הדרכה ומחקר במסגרת הקהילה ומוסדות אקדמיים על פי הצורך השתלבות במערך הרפואה המחוזי, על פי המקובל ובהתאם להסכמים ולצרכים התעדכנות מקצועית שוטפת, באמצעות ספרות מקצועית, מקורות מידע מקוונים, כנסים, השתלמויות ועוד ביצוע מטלות נוספות בתחום המקצועי, לפי הוראות הממונה דרישות התפקיד : פסיכיאטר/ית מומחה/ית - מבוגרים/ילדים ונוער רישיון ישראלי לעסוק ברפואה אישור תואר מומחה/ית רלוונטי לתחום העיסוק מטעם משרד הבריאות ידע מקצועי נרחב ועדכני בתחום הרלוונטי תקשורת בינאישית ושיתוף פעולה בצוות שירותיות, סבלנות ואמפתיה לזולת גמישות בהיקפי המשרה תנאים מצוינים *תינתן עדיפות למועמדים/ות עם מוגבלויות"
רוקח/ת אחראי/ת,מחוז שרון שומרון,נתניה,2026-04-29,https://jobs.clalitapps.co.il/clalit/redmatch-apply/redmatch.apply.html?compPositionID=49533,רוקחות,,"לבית מרקחת במרכז נתניה דרוש/ה רוקח/ת אחראי/ת במשרה מלאה תיאור התפקיד: אחריות מקצועית וניהולית באמצעות צוות כפיפים להספקת שירותי רוקחות לצוות וללקוחות המרפאה אחריות לניהול מלאי התרופות והחומרים בבית המרקחת - מעקב מלאים ותפוגה, הזמנות, קבלת סחורה, הקלדת נתוני תנועה ומלאי, מיון וסידור ניהול מלאי ציוד משרדי ונלווה טיפול ספציפי בחומרים מיוחדים (נרקוטיקה, פסכיאטריה) הפעלה והנחיית צוות עובדים - הדרכה, קליטה והערכה ביצוע בקרה מקצועית על פעילות הצוות (בדיקת מרשמים, פיקוח הכנת תרופות) ייעוץ מקצועי בנושאי תרופות לצוות, ללקוחות ולצוות הרפואי התעדכנות מקצועית אישית טיפול בפניות ותלונות של לקוחות (מבוטחים או רופאים) ומתן הסבר ומידע בנושאי תרופות וניפוקן השתתפות אישית בניפוק ישיר של תרופות ללקוחות ניהול הרישומים והדיווחים של פעילות בית המרקחת, על פי דרישות נוהל ותקנות (רישומים יומיים, דוחות חודשיים, יומני עבודה וכדומה) עבודה כחלק מהצוות המוביל של המרפאה טיפול בנושאי מינהלה ומשק הכרוכים בניהול בית המרקחת - כספים וקופה, תיוק, תכתובת מינהלית ומקצועית, הקלדת נתונים וחישובים, אחזקת ציוד ניהול באמצעות: טלפון, פקס, מכתבים ופגישות של הקשרים המינהליים והמקצועיים עם גורמים בארגון ומחוץ לו (ממונים במחוז ובהנהלה ראשית, סניפים אחרים, בתי חולים, ספקים ועוד) דרישות התפקיד: השכלה אקדמית - תואר ראשון (רוקחות) רוקח/ת עם דיפלומה + אישור אחריות על בית מרקחת (משרד הבריאות) ניסיון קודם של שנתיים לפחות בתחום המקצועי (רצוי גם ניסיון ניהולי/מינהלי) ידיעת השפה העברית על בורייה ואנגלית כדי קריאת ספרות מקצועית ידע טוב של תחום הרוקחות בקהילה ידע ובקיאות בהוראות משה""ב לניהול בית מרקחת כושר ניהול וארגון יחסי אנוש טובים יחסי ציבור טובים תודעת שירות גבוהה *תינתן עדיפות למועמדים/ות עם מוגבלויות"
מחסנאי/ת,מרכז רפואי כרמל,חיפה,2026-04-28,https://jobs.clalitapps.co.il/clalit/redmatch-apply/redmatch.apply.html?compPositionID=49529,אחזקה ולוגיסטיקה,,"למרכז הרפואי כרמל דרוש/ה מחסנאי/ת למחסן מזון במטבח תיאור התפקיד : הנפקת טובין, הכנת שובר ניפוק, ליקוט והעברת הטובין החתמת הלקוח על שוברי ניפוק וביצוע ניפוקי דלפק להשלמת חוסרים ניהול מלאי מחסן וביצוע בדיקות קבלה כמותיות ואיכותיות לתאימות ותקינות הטובין, הפרדת פריטים לא תקינים, ביצוע ספירות מלאי מדגמיות ועוד אחסון טובין, סידור מדפים לפי איתור ו- FIFO , ארגון וסידור המחסן, שמירה על סדר וניקיון ושמירת מעבירם פנויים נכונות לעבודה פיזית הכוללת הרמה ונשיאת משאות כבדים ביצוע עבודה עפ""י נהלים, הכרת תיק הנוהלים והוראות העבודה, עדכון וביצוע רענון בשינויים דרישות התפקיד : השכלה תיכונית/מקצועית ניסיון בעבודות מחסן - יתרון ידיעה טובה של השפה העברית והשפה האנגלית ברמה בסיסית תודעת שרות ויכולת ומוטיבציה ללמידה *תינתן עדיפות למועמדים/ות עם מוגבלויות"
אחו/ת,מחוז מרכז,מודיעין,2026-04-28,https://jobs.clalitapps.co.il/clalit/redmatch-apply/redmatch.apply.html?compPositionID=49515,אחים ואחיות,,"למרפאת נשים במודיעין דרוש/ה אחו/ת למשרה זמנית אח/ות רפואת נשים מהווה גורם מקצועי מוביל בקידום בריאות האישה לאורך מעגל החיים, בדגש על מניעה, ליווי, מעקב וטיפול מותאם. התפקיד כולל עבודה עצמאית ויזומה לאיתור צרכים ובעיות בריאותיות, מתן מענה מקצועי ומעקב רציף, תוך הפעלת שיקול דעת קליני ובהתאם לעקרונות הרצף הטיפולי העבודה מתבצעת מול אוכלוסייה בריאה וברמות סיכון שונות, משלבת אתגרים מקצועיים מגוונים, ומערבת ממשקי עבודה עם אנשי מקצוע וגורמים שונים בתוך הארגון ומחוצה לו. התפקיד מאפשר מימוש מקצועי משמעותי בתחום הרפואה המונעת, החינוכית והקהילתית תיאור התפקיד: מתן טיפול מונע וליווי מקצועי לנשים בהתאם לנהלים ולהנחיות מקצועיות איתור צרכים בריאותיים אישיים ואוכלוסייתיים ומתן מענה מותאם, לרבות התאמה תרבותית קידום מדדי בריאות באמצעות ייעוץ, מעקב והדרכה העלאת הידע והמודעות של נשים וקבוצות בנושאי בריאות, מניעה ואורח חיים בריא שיתוף פעולה עם שותפי תפקיד לקידום בריאות האישה בקהילה ובמערכת הבריאות דרישות התפקיד: השכלה באֲחָיוּת - בוגר/ת בית ספר מוכר לסיעוד רישיון עבודה תקף כאח/ות מוסמכ/ת ידע מקצועי עדכני בתחום רפואת נשים ו/או רפואה מונעת שליטה מלאה בשפה העברית; ידע באנגלית לקריאת ספרות מקצועית יחסי אנוש מצוינים, יכולת עבודה עצמאית ובצוות יכולות הדרכה, ייעוץ וליווי טיפולי תואר ראשון וניסיון קודם ברפואת נשים ו/או בריאות הציבור - יתרון *תינתן עדיפות למועמדים/ות עם מוגבלויות"
פקידי/ות מרפאה,מחוז מרכז,אשדוד,2026-04-28,https://jobs.clalitapps.co.il/clalit/redmatch-apply/redmatch.apply.html?compPositionID=49514,מנהל ומטה,,"למרפאות באשדוד דרושים/ות פקידי/ות מרפאה למשרה זמנית ל- 9 חודשים משרה למלאה/חלקית תחילת עבודה בשעה 7:30 בבוקר פעמיים בשבוע מפוצל 7:30-13:00 16:00-19:00 תיאור התפקיד : מתן שירות פרונטלי וטלפוני ללקוחות המרפאה בנושאים אדמיניסטרטיביים קביעת תורים לרפואה ראשונית ויועצת והכוונת הלקוחות לשירותים הרפואיים המתאימים מתן מידע על זכויות המגיעות ללקוחות בהתאם לסל השירותים טיפול בנושאי גבייה והחזרים כספיים ללקוחות המרפאה טיפול בקליטת לקוחות חדשים במרפאה מתן שירות אדמיניסטרטיבי לגורמים בתוך המרפאה: רופאים, אחיות, רוקחים, ובעלי מקצוע נוספים שותפות בהשגה ובמימוש יעדי המרפאה בתחומי השירות, האיכות הרפואית, גיוס לקוחות, שיווק שירותים ועוד דרישות התפקיד : תעודת בגרות מלאה - חובה ניסיון בתפקידי שירות ומכירה - יתרון תודעת שירות גבוהה יחסי אנוש טובים, שיתוף פעולה בצוות יכולת עבודה בסביבה ממוחשבת יכולת עבודה בתנאי לחץ ועומס שליטה בשפה העברית, שליטה בשפה נוספת - יתרון כושר הבעה גבוה בכתב ובע""פ *תינתן עדיפות למועמדים/ות עם מוגבלויות"
פקיד/ת מרפאה,מחוז מרכז,לוד,2026-04-28,https://jobs.clalitapps.co.il/clalit/redmatch-apply/redmatch.apply.html?compPositionID=49367,מנהל ומטה,,"למרפאה בלוד דרוש/ה פקיד/ת מרפאה למשרה זמנית תחילת עבודה בשעה 7:30 בבוקר פעמיים בשבוע פיצול 7:30-13:00, 16:00-19:00 תיאור התפקיד: מתן שירות פרונטלי וטלפוני ללקוחות המרפאה בנושאים אדמיניסטרטיביים קביעת תורים לרפואה ראשונית ויועצת והכוונת הלקוחות לשירותים הרפואיים המתאימים מתן מידע על זכויות המגיעות ללקוחות בהתאם לסל השירותים טיפול בנושאי גבייה והחזרים כספיים ללקוחות המרפאה טיפול בקליטת לקוחות חדשים במרפאה מתן שירות אדמיניסטרטיבי לגורמים בתוך המרפאה: רופאים, אחיות, רוקחים, ובעלי מקצוע נוספים שותפות בהשגה ובמימוש יעדי המרפאה בתחומי השירות, האיכות הרפואית, גיוס לקוחות, שיווק שירותים ועוד דרישות התפקיד: תעודת בגרות מלאה - חובה ניסיון בתפקידי שירות ומכירה - יתרון תודעת שירות גבוהה יחסי אנוש טובים, שיתוף פעולה בצוות יכולת עבודה בסביבה ממוחשבת יכולת עבודה בתנאי לחץ ועומס שליטה בשפה העברית, שליטה בשפה נוספת - יתרון כושר הבעה גבוה בכתב ובע""פ *תינתן עדיפות למועמדים/ות עם מוגבלויות"
רפרנט/ית מידע ופרויקטים,מחוז דן פתח תקווה,רמת גן,2026-04-28,https://jobs.clalitapps.co.il/clalit/redmatch-apply/redmatch.apply.html?compPositionID=49363,מנהל ומטה,,"דרוש/ה רפרנט/ית מידע ופרויקטים במרפאות ברמת גן - 75% משרה תיאור התפקיד: שותפות בתכנון והנעת תהליכי עבודה לקידום ולהשגת יעדי המינהלת סיוע בפעילויות תומכות ניהול: כתיבת תוכניות עבודה, הכנת לוחות גאנט, בניית מצגות, הכנת ישיבות צוות, כתיבת פרוטוקולים, ועוד ריכוז מידע: הפקת נתונים ממערכות, ניתוחם ועיבודם, הכנת דוחות ניהוליים, איסוף מידע ממקורות חיצוניים ועוד ייעוץ מקצועי לצוות המינהלת ביצוע מעקב ובקרה על יישום תוכניות העבודה המרפאתיות ועבודה משותפת מול הנהלת המחוז והמינהלת דרישות התפקיד: תואר ראשון במדעי החברה, ניהול או כלכלה שליטה בשפה העברית, כושר הבעה גבוה בכתב ובע""פ יכולת ניתוח נתונים ודו""חות, והסקת מסקנות ראייה מערכתית וחשיבה יצירתית יוזמה ויכולת הנעת תהליכים יחסי אנוש מצויינים, יכולת השפעה ויכולת עבודה בצוות יכולת עבודה בסביבה ממוחשבת, שליטה מלאה בתוכנות Office *תינתן עדיפות למועמדים/ות עם מוגבלויות"
רשם/ת רפואי/ת,מרכז רפואי קפלן,רחובות,2026-04-28,https://jobs.clalitapps.co.il/clalit/redmatch-apply/redmatch.apply.html?compPositionID=49185,מנהל ומטה,,"למרכז הרפואי קפלן דרוש/ה רשמ/ת מידע רפואי תיאור התפקיד: אחריות לסימול המידע הרפואי של המטופל בהתאם להנחיות ולכללים של שיטת הסימול הבינלאומית הנהוגה 9-ICD אחריות לאיכות הרישום בהתאם לסטנדרטים המקובלים של אבטחת איכות עריכת בקרה על שלמות הנתונים ומאגרי המידע המסומלים בהתאם לשיטות הסיווג והסימול המקובלות אחריות להתאמת גרסת הסימול לתוכנת ניהול תיק רפואי, בהתאם לעדכונים תקופתיים אחריות להפקת דוחות ונתונים לצרכי עיבודים סטטיסטיים ועבודות מחקר, עבור הצוותים הרפואיים, הסיעודיים והמנהליים דרישות התפקיד: השכלה תיכונית מלאה - תעודת בגרות תעודת מזכירות רפואית תעודת רשם/ת רפואי/ת מוסמך/ת קורס ניהול סיכונים ובטיחות המטופל - יתרון הכרת הנהלים והתקנות המנהלתיים הרלוונטיים ידיעה טובה של השפה העברית ידיעת אנגלית כדי קריאת מונחים מקצועיים רלוונטיים דייקנות והקפדה על פרטים תקשורת בין אישית טובה ויכולת עבודה בצוות *תינתן עדיפות למועמדים/ות עם מוגבלויות"
סגן/ית מנהלת מעבדה ביוכימית,מרכז רפואי קפלן,רחובות,2026-04-28,https://jobs.clalitapps.co.il/clalit/redmatch-apply/redmatch.apply.html?compPositionID=49305,מעבדות רפואיות,,"למרכז הרפואי קפלן דרוש/ה סגן/ית מנהלת מעבדה ביוכימית תיאור התפקיד: סיוע למנהלת המעבדה בביצוע תפקידיה המנהליים והניהוליים ומילוי מקומה בהיעדרה עדכון נהלים כלליים ומקצועיים הנוגעים לפעילות המעבדה והטמעתם - עפ""י הנחיות הפעלת מערכת הבטחת איכות וביקורת, טיב לאיסוף נתונים, להסקת מסקנות והטמעתם במעבדה ביצוע הדרכה ועדכון ידע של עובדי המעבדה כולל סיוע בפתרון בעיות המתעוררות במהלך העבודה הנחיית עובדים חדשים וביצוע מעקב אחר התקדמותם בהתאם לתוכנית הכשרה שתיקבע עם מנהלת המעבדה שיבוץ עובדים בכל פעילות המעבדה (כולל תורנים וכוננים) טיפול במכלול הנושאים האדמיניסטרטיביים והלוגיסטיים של המעבדה אחריות לתפקוד נאות וניצול יעיל של הציוד המעבדתי ולתחזוקה שוטפת ותקופתית של המיכשור התעדכנות באופן שוטף בספרות המקצועית הבינלאומית בנושאים הרלוונטיים, יישום החידושים המדעיים והמקצועיים במעבדה בתיאום הממונה ייעוץ לגורמים מקצועיים בהתאם להנחיית מנהלת המעבדה קשרים מדעיים ומקצועיים עם אנשי מקצוע במוסדות המחקר והרפואה בארץ ובעולם בתיאום עם מנהלת המעבדה דיווח לממונה על כל חריגה מקצועית, תקלה, תאונה או מפגע בטיחותי בתחום ביצוע מטלות נוספות בתחום המקצועי והניהולי עפ""י הנחיות הממונה דרישות התפקיד: השכלה אקדמית: תואר שני או שלישי במדעי החיים או מדעי הרפואה ותארים המוכרים לפי תקנות (בריאות העם מעבדות רפואיות) משרד הבריאות כפי שיתעדכנו מעת לעת הכרה במעמד של עובד/ת מעבדה רפואית אקדמאי/ת מטעם משרד הבריאות תעודת עובד/ת מעבדה בכיר/ה מטעם משרד הבריאות הכשרה או התמחות בתחום המעבדה הביוכימית - יתרון הכרת המכשור, שיטות וביצוע ולידציה שלהם עבודה רציפה של 4 שנים ומעלה במעבדה רפואית ניסיון ניהולי של יחידה מעבדתית או ריכוז בתחום המקצועי - יתרון ידיעת השפה העברית על בוריה ידיעת השפה האנגלית כדי קריאת ספרות מקצועית כושר ביטוי בכתב ובעל-פה כושר ארגון וניהול יחסי אנוש טובים *תינתן עדיפות למועמדים/ות עם מוגבלויות"
כלכלן/ית,הנהלה ראשית,תל אביב,2026-04-28,https://jobs.clalitapps.co.il/clalit/redmatch-apply/redmatch.apply.html?compPositionID=48876,מנהל ומטה,,"להנהלה ראשית דרוש/ה כלכלן/ית למחלקת כלכלה בתי חולים/מחוזות באגף תקציבים של חטיבת הכספים תיאור התפקיד : אחריות להכנת תחשיבים כלכליים ותוכניות עסקיות על סמך ביצועים תקופתיים כולל מסקנות והמלצות לפעולה ביצוע בקרה על מסגרות כלכליות ותקציביות לרבות ריכוז המידע אחריות לריכוז דיווחים רלוונטיים מהגופים השונים בקופה ובקרה אחר השגת יעדים כלכליים קשר עם גורמים רלוונטים במשרד הבריאות בכל הנוגע לתחום אחריות לאיסוף, ריכוז וניתוח של מאגרי מידע גדולים בתחום הבריאות טיפול בנושאים מקצועיים נוספים בתחום בהתאם לצרכים והנחיות הממונה דרישות התפקיד: השכלה אקדמית - תואר ראשון בכלכלה תואר שני - יתרון 3 שנות ניסיון בתחום המקצועי וביצוע המטלות ותחומי אחריות המרכזיים בו או בוגר/ת תואר ראשון בכלכלה בציון ממוצע של 85 לפחות ידע בתפעול מערכות מחשוב רלוונטיות ידיעה טובה של השפה העברית ידיעת טובה השפה האנגלית (כדי קריאת חומר מקצועי) כושר הבעה מצוין בכתב ובע""פ ראייה מערכתית רחבה כושר ניתוח תפקוד טוב תחת לחץ ועומס יוזמה ויכולת יישום יחסי אנוש טובים אמינות היכרות עם משרדי הממשלה - יתרון *תינתן עדיפות למועמדים/ות עם מוגבלויות"
מזכיר/ה רפואי/ת,מרכז שניידר לרפואת ילדים בישראל,פתח תקווה,2026-04-28,https://jobs.clalitapps.co.il/clalit/redmatch-apply/redmatch.apply.html?compPositionID=49212,מנהל ומטה,,"למרכז הרפואי שניידר דרוש/ה מזכיר/ה רפואי/ת במחלקת אונקולוגיה - משרה חלקית 4 שעות עבודה, ימים א'-ה' תיאור התפקיד: מתן שירות פרונטלי וטלפוני למטופלים בנושאים אדמיניסטרטיביים טיפול כולל בנושא תורים למרפאה הכנת תיקי מטופלים המוזמנים למרפאה קבלה אדמיניסטרטיבית של מטופלים המגיעים למרפאה והפנייתם לגורמי הטיפול השונים סיוע למטופל בהשגת מסמכים נחוצים תיעוד ודיווח על פעולות שבוצעו במרפאה במערכות ממוחשבות תקשורת שוטפת עם מטופלים ועם יחידות בתוך בית החולים ביצוע משימות משרדיות בהתאם לצורך ולהנחיות דרישות התפקיד: תעודת בגרות מלאה - חובה תעודת מזכירות רפואית - יתרון שליטה מלאה בשפה העברית ידיעה של שפה נוספות - יתרון שליטה במחשב ובתוכנות Office תודעת שירות גבוהה תקשורת בין אישית טובה ויכולת עבודה בצוות יכולת ביטוי טובה בעל פה ובכתב *תינתן עדיפות למועמדים/ות עם מוגבלויות"
רשמ/ת רפואי/ת,מרכז שניידר לרפואת ילדים בישראל,פתח תקווה,2026-04-28,https://jobs.clalitapps.co.il/clalit/redmatch-apply/redmatch.apply.html?compPositionID=49197,מנהל ומטה,,"למרכז הרפואי שניידר דרוש/ה רשמ/ת רפואי/ת במחלקה לרשומות רפואיות בחצי משרה (4 שעות) ימים א'-ה' תיאור התפקיד: סקירת סיכומי מחלה ודוחות ניתוח מורכבים באנגלית ובקרה איכותית של הרישום הרפואי, בהתאם לממצאי תוצאות מעבדה, פתולוגיה ומרכיבי רשומת המטופל תרגום התיעוד הרפואי (אבחנות ופרוצדורות) לשפה בינלאומית אחידה (קודים בספר ה-ICD-9) הפיכת טקסט קליני לנתונים מובנים התאמת קודים ספציפיים תוך הקפדה על חוקי הקידוד והחרגות בספר ICD9 והנחיות משרד הבריאות טיוב נתונים: ניהול בירורים מול רופאים להשלמת מידע רפואי חסר דרישות התפקיד: תעודת בגרות מלאה - חובה תעודת מזכירות רפואית - חובה שליטה מלאה בשפה העברית אנגלית ברמה טובה מאוד -קריאה וכתיבה ידיעה של שפה נוספות - יתרון שליטה במחשב ובתוכנות Office תודעת שירות גבוהה תקשורת בין אישית טובה ויכולת עבודה בצוות יכולת ביטוי טובה בעל פה ובכתב *תינתן עדיפות למועמדים/ות עם מוגבלויות"
מזכיר/ה רפואי/ת,מרכז שניידר לרפואת ילדים בישראל,פתח תקווה,2026-04-28,https://jobs.clalitapps.co.il/clalit/redmatch-apply/redmatch.apply.html?compPositionID=49269,מנהל ומטה,,למרכז הרפואי שניידר דרוש/ה מזכיר/ה רפואי/ת למרפאת רנטגן משרה מלאה - עבודה במשמרות בוקר וערב 07:00-15:00/ 15:00-23:00 וימי שישי פעם בחודש 07:00-15:00 תיאור התפקיד: מתן שירות פרונטלי וטלפוני למטופלים בנושאים אדמיניסטרטיביים טיפול כולל בנושא תורים למרפאה הכנת תיקי מטופלים המוזמנים למרפאה קבלה אדמיניסטרטיבית של מטופלים המגיעים למרפאה והפנייתם לגורמי הטיפול השונים סיוע למטופל בהשגת מסמכים נחוצים תיעוד ודיווח על פעולות שבוצעו במרפאה במערכות ממוחשבות תקשורת שוטפת עם מטופלים ועם יחידות בתוך בית החולים ביצוע משימות משרדיות בהתאם לצורך ולהנחיות דרישות התפקיד: תעודת בגרות מלאה - חובה תעודת מזכירות רפואית - חובה שליטה מלאה בשפה העברית ידיעה של שפה נוספות - יתרון שליטה במחשב ובתוכנות Office תודעת שירות גבוהה תקשורת בין אישית טובה ויכולת עבודה בצוות יכולת ביטוי טובה בעל פה ובכתב *תינתן עדיפות למועמדים/ות עם מוגבלויות
מרכז/ת בריאות הסביבה,מרכז רפואי כרמל,חיפה והקריות,2026-04-28,https://jobs.clalitapps.co.il/clalit/redmatch-apply/redmatch.apply.html?compPositionID=48776,אחזקה ולוגיסטיקה,,"למרכז הרפואי כרמל דרוש/ה מרכז/ת בריאות הסביבה ב 50% משרה תיאור התפקיד: ביצוע פעילויות בתחום בריאות הסביבה הקשורות למניעת סיכונים בריאותיים בבית-החולים ביקור בכל יחידות בית-החולים לשם איתור ליקויים בתחום בריאות הסביבה ותיקונם ייעוץ לגורמים הנוגעים בדבר והדרכתם בכל הקשור במניעת ליקויים תברואתיים פירסום הוראות פרטניות לשמירת איכות בריאות הסביבה במתקני ביה""ח לידיעה ולפעולה של העובדים, בתיאום עם הממונה עריכת ביקורות תקופתיות בנושאים - טיפול במזון, סילוק פסולת (רגילה, זיהומית, רדיואקטיבית מסוכנת ופגרים), מערכות מים וביוב, תברואה כללית - נקיון כללי, טיפול בכביסה, הדברת מזיקים ומטרדים סביבתיים תיאום הפעילות בתחום ריסוס והדברה ביחידות בית-החולים בהתאם לתוכנית עבודה ועפ""י הצורך עשוי לבצע בעצמו פעילות זו דיווח לממונה בכתב ובע""פ על כל הליקויים בנושאים שבתחום אחריותו ומציע פתרונות לתיקונם, מעקב אחר ביצוע תיקון הליקויים קשר עם גורמים מקצועיים ברשויות המקומיות ובלשכת הבריאות שבתחומם נמצא בית-החולים, לשם תיאום וייעוץ הדדי ביצוע תפקידים נוספים בתחום המקצועי, עפ""י הוראות הממונה דרישות התפקיד: השכלה אקדמית (תואר ראשון) בהנדסת סביבה או השכלה על תיכונית (הנדסאות) למהנדס/ת - רישום בפנקס המהנדסים והאדריכלים במדור הנדסה - איכות הסביבה (משרד התמ""ת) להנדסאי/ת - רישום בפנקס ההנדסאים והטכנאים במדור הנדסת סביבה (רשות ההסמכה) למהנדס/ת הנדסאי/ת או אקדמאי/ת שאינו מהתחומים דלעיל: תעודה שהנפיק מוסד מוכר לאחר סיום תוכנית לימודי השלמה למי שאינו/ה בעל/ת השכלה כנ""ל: תעודה של אחראי/ת לתברואה וסביבה (תברואן) שהנפיק מוסד מוכר לאחר סיום תוכנית לימודים בהיקף של 1900 שעות, לפחות 3 שנות ניסיון בתחום ידיעת השפה העברית על בורייה ידיעת שפה לועזית כדי קריאת ספרות מקצועית המקובלת בארץ כושר ניהול מו""מ *תינתן עדיפות למועמדים/ות עם מוגבלויות"
רוקח/ת למרכז הכנות אונקולוגיות,מרכז רפואי העמק,עפולה,2026-04-28,https://jobs.clalitapps.co.il/clalit/redmatch-apply/redmatch.apply.html?compPositionID=49517,רוקחות,,למרכז הרפואי העמק דרוש/ה רוקח/ת למרכז הכנות אונקולוגיות תיאור התפקיד : ביצוע הכנות רוקחיות בקרה לפרוטוקולי טיפול מעקב קליני בתיקי מטופלים מתן מענה לשאלות צוות המכון האונקולוגי ניפוק תרופות למכון האונקולוגי הכרת מערכות ממחושבות לניהול מלאי דרישות התפקיד : תואר ראשון ברוקחות רישיון ישראלי לעסוק ברוקחות תעודת GCP - יתרון ידיעת השפה העברית על בוריה ידיעת השפה האנגלית כדי קריאת ספרות מקצועית יכולת עבודה בצוות תודעת שירות גבוהה יחסי אנוש טובים ניסיון קודם בתחום- יתרון * תינתן עדיפות למועמדים/ות עם מוגבלויות
פקיד/ת מרפאה,מחוז מרכז,"מזכרת בתיה, קרית עקרון",2026-04-28,https://jobs.clalitapps.co.il/clalit/redmatch-apply/redmatch.apply.html?compPositionID=49520,מנהל ומטה,,"למרפאות במזכרת בתיה/ק.עקרון דרוש/ה פקיד/ת מרפאה העבודה מפוצלת, פעמיים בשבוע 07:30-13:00 16:00-19:00 נכונות לעבודה במשרה מלאה תיאור התפקיד: מתן שירות פרונטלי וטלפוני ללקוחות המרפאה בנושאים אדמיניסטרטיביים קביעת תורים לרפואה ראשונית ויועצת והכוונת הלקוחות לשירותים הרפואיים המתאימים מתן מידע על זכויות המגיעות ללקוחות בהתאם לסל השירותים טיפול בנושאי גבייה והחזרים כספיים ללקוחות המרפאה טיפול בקליטת לקוחות חדשים במרפאה מתן שירות אדמיניסטרטיבי לגורמים בתוך המרפאה: רופאים, אחיות, רוקחים, ובעלי מקצוע נוספים שותפות בהשגה ובמימוש יעדי המרפאה בתחומי השירות, האיכות הרפואית, גיוס לקוחות, שיווק שירותים ועוד דרישות התפקיד: תעודת בגרות מלאה - חובה ניסיון בתפקידי שירות ומכירה - יתרון תודעת שירות גבוהה יחסי אנוש טובים, שיתוף פעולה בצוות יכולת עבודה בסביבה ממוחשבת יכולת עבודה בתנאי לחץ ועומס שליטה בשפה העברית, שליטה בשפה נוספת - יתרון כושר הבעה גבוה בכתב ובע""פ *תינתן עדיפות למועמדים/ות עם מוגבלויות"
עובדים/ות סוציאלים/ות,מחוז מרכז,"קריית מלאכי, אשדוד, רחובות, ראשל""צ, מודיעין עילית",2026-04-28,https://jobs.clalitapps.co.il/clalit/redmatch-apply/redmatch.apply.html?compPositionID=49519,עבודה סוציאלית,,"למכוני התפתחות הילד דרושים/ות עובדים/ות סוציאלים/ות העבודה בערים קריית מלאכי, אשדוד, רחובות, ראשל""צ, מודיעין עילית תיאור התפקיד: עבודה אבחונית וטיפולית בצוות רב מקצועי אבחון פסיכו-סוציאלי טיפול דיאדי, טיפול משפחתי וטיפול קבוצתי עבודה טיפולית עם הורים דרישות התפקיד: תואר ראשון ושני בעבודה סוציאלית נסיון טיפולי עם הורים וילדים - יתרון תעודת פסיכותרפיה/טיפול משפחתי - יתרון *תינתן עדיפות למועמדים/ות עם מוגבלויות"
עובד/ת סוציאלי/ת,מחוז מרכז,"ק.מלאכי, אשדוד, יבנה, רחובות, ראשל""צ, רמלה, מודיעין עילית",2026-04-28,https://jobs.clalitapps.co.il/clalit/redmatch-apply/redmatch.apply.html?compPositionID=49518,עבודה סוציאלית,,"ליחידה להתפתחות הילד דרושים/ות עובדים/ות סוציאלים/ות לטיפול וליווי מערכתי לילדים בעלי אבחנה asd והוריהם העבודה ביחידות התפתחות הילד בערים ק.מלאכי, אשדוד, יבנה, רחובות, ראשל""צ, רמלה ומודיעין עילית תיאור התפקיד: ריכוז, תיאום וניהול מכלול הצרכים של המטופל עבודה טיפולית עם הורים דרישות התפקיד: תואר ראשון בעבודה סוציאלית. ניסיון טיפולי עם הורים וילדים - יתרון *תינתן עדיפות למועמדים/ות עם מוגבלויות"
אח/ות רפואת נשים,מחוז מרכז,רמלה,2026-04-28,https://jobs.clalitapps.co.il/clalit/redmatch-apply/redmatch.apply.html?compPositionID=49238,אחים ואחיות,,"למרפאת רמון דרוש/ה אח/ות אח/ות רפואת נשים מהווה גורם מקצועי מוביל בקידום בריאות האישה לאורך מעגל החיים, בדגש על מניעה, ליווי, מעקב וטיפול מותאם התפקיד כולל עבודה עצמאית ויזומה לאיתור צרכים ובעיות בריאותיות, מתן מענה מקצועי ומעקב רציף, תוך הפעלת שיקול דעת קליני ובהתאם לעקרונות הרצף הטיפולי העבודה מתבצעת מול אוכלוסייה בריאה וברמות סיכון שונות, משלבת אתגרים מקצועיים מגוונים ומערבת ממשקי עבודה עם אנשי מקצוע וגורמים שונים בתוך הארגון ומחוצה לו התפקיד מאפשר מימוש מקצועי משמעותי בתחום הרפואה המונעת, החינוכית והקהילתית תיאור התפקיד: מתן טיפול מונע וליווי מקצועי לנשים בהתאם לנהלים ולהנחיות מקצועיות איתור צרכים בריאותיים אישיים ואוכלוסייתיים ומתן מענה מותאם, לרבות התאמה תרבותית קידום מדדי בריאות באמצעות ייעוץ, מעקב והדרכה העלאת הידע והמודעות של נשים וקבוצות בנושאי בריאות, מניעה ואורח חיים בריא שיתוף פעולה עם שותפי תפקיד לקידום בריאות האישה בקהילה ובמערכת הבריאות דרישות התפקיד: השכלה באֲחָיוּת - בוגר/ת בית ספר מוכר לסיעוד רישיון עבודה תקף כאח/ות מוסמכ/ת ידע מקצועי עדכני בתחום רפואת נשים ו/או רפואה מונעת שליטה מלאה בשפה העברית; ידע באנגלית לקריאת ספרות מקצועית יחסי אנוש מצוינים, יכולת עבודה עצמאית ובצוות יכולות הדרכה, ייעוץ וליווי טיפולי יתרון לבעלי/ות תואר ראשון וניסיון קודם ברפואת נשים ו/או בריאות הציבור * תינתן עדיפות למועמדים/ות עם מוגבלויות"
אח/ות טיפת חלב,מחוז מרכז,רמלה,2026-04-28,https://jobs.clalitapps.co.il/clalit/redmatch-apply/redmatch.apply.html?compPositionID=49237,אחים ואחיות,,"דרוש/ה אח/ות טיפת חלב למרפאת רמון אחים/ות בטיפת חלב הינם הגורם המקצועי המוביל בתחום המניעה והטיפול באישה ההרה, באם, ביילוד ובפעוט בקהילה איתור בעיות וצרכים של האוכלוסיות הרלוונטיות, באופן יזום ועצמאי, תוך מעקב וטיפול על פי עיקרון הרצף הטיפולי . במסגרת זו, הצוותים הינם בעל סמכויות נרחבות ושיקול דעת מקצועי התפקיד כרוך בטיפול באוכלוסייה בריאה, מזמן אתגרים מרתקים וממשקי עבודה עם שותפי תפקיד מגוונים, בארגון ומחוצה לו (קהילה, משרד הבריאות וכו') ומאפשר מימוש מקצועי על פי עקרונות הרפואה המונעת תיאור התפקיד : מתן טיפול מונע לפרט ולמשפחה על פי נהלי משרד הבריאות (חיסונים) שיפור מדדי הבריאות של האוכלוסיות המטופלות בתחנה על בסיס איתור צרכים ותוך התאמה תרבותית העלאת רמת הידע והמודעות של פרטים וקבוצות בנושא בריאות ומניעה מעורבות קהילתית ועבודה עם שותפים לקידום בריאות הקהילה דרישות התפקיד : השכלה באֲחָיוּת - בוגר/ת בי""ס לאֲחָיוּת רישוי עבודה כאח/ות מוסמכ/ת (תעודת רישום) ידע מקצועי עדכני בתחום הפעילות ידיעת השפה העברית, ידיעת השפה האנגלית (כדי קריאת ספרות מקצועית) יחסי אנוש טובים יכולות הדרכה ועבודה בצוות . יתרון לבעלי/ות תואר ראשון וניסיון בבריאות הציבור/ טיפת חלב * תינתן עדיפות למועמדים/ות עם מוגבלויות"
כלכלן/ית - מרכז רפואי מאיר,מרכז רפואי מאיר,כפר סבא - מרכז רפואי מאיר,2026-04-26,https://jobs.clalitapps.co.il/clalit/redmatch-apply/redmatch.apply.html?compPositionID=49241,מנהל ומטה,,"למרכז רפואי מאיר דרוש/ה כלכלנ/ית תיאור התפקיד: התמחות בבניית תחזיות שנתיות (הכנסות/הוצאות) . בניית תמחורים כלכליים וביצוע תוכניות עסקיות למחלקות שונות בביה""ח ניהול ובקרה שוטפת של תקציבי בית החולים ניהול של תקציבי רכש תרופות וציוד דרישות:התפקיד: ניסיון מוכח ככלכלן/ית תואר ראשון בכלכלה עבודה עצמאית, יכולת לימוד מהירה שליטה מצויינת ב- excel, ידע בתוכנות SAP, , BO יכולת עבודה כחלק מצוות יכולת התבטאות גבוהה בכתב ובע""פ יכולת למידה מהירה יכולת אנליטית גבוהה מאוד יכולת עבודה עם מסד נתונים גדול ראש גדול ואסרטיביות יכולת עבודה בלחץ יחסי אנוש טובים *תינתן עדיפות למועמדים/ות עם מוגבלויות"
עובד/ת סוציאלי/ת,מחוז צפון,ישראל,2026-04-26,https://jobs.clalitapps.co.il/clalit/redmatch-apply/redmatch.apply.html?compPositionID=48236,עבודה סוציאלית,,"ליחידות התפתחות הילד בבית שאן, טבריה ועפולה דרושים עובדים/ות סוציאלי/ות ב 50% משרה - 3 ימים בשבוע תיאור התפקיד: הערכות פסיכוסוציאליות עבודה מול גורמים בקהילה טיפול (פרטני, דיאדי, משפחתי וקבוצתי) מיצוי זכויות דרישות התפקיד: תואר שני בעבודה סוציאלית ניסיון של 5 שנים עדיפות לבעלות תעודת פסיכותרפיה / טיפול משפחתי/ טיפול דיאדי קיימת עבודת משותפת בצוות רב מקצועי. ניתנת הדרכה והשתלמויות מקצועיות שוטפות. שכר לפי ההסכם הקיבוצי. רק פניות מתאימות תענינה. *תינתן עדיפות למועמדים/ות עם מוגבלויות"
אח/ות טיפת חלב,מחוז ירושלים,"בית""ר עלית (גוש עציון, ליד ירושלים)",2026-04-26,https://jobs.clalitapps.co.il/clalit/redmatch-apply/redmatch.apply.html?compPositionID=49242,אחים ואחיות,,"למרפאת טיפת חלב בבית""ר עלית דרוש/ה אח/ות תינתן הכשרה משמעותית לתפקיד צוות חם שעובד עם כל הלב שליחות בעבודה מובטחת תיאור התפקיד: מעקב אחר גדילה והתפתחות ילדים מתן חיסוני שגרה בהתאם להנחיות משרד הבריאות הדרכת הורים בנושאי טיפול בתינוק, תזונה, הנקה, שינה ובטיחות איתור מוקדם של עיכובים התפתחותיים והפניה לגורמי טיפול מתאימים ליווי לאחר לידה, קבלת הורים לביקור ראשון ופתיחת תיק מתן שירותי מעקב היריון והדרכה תיעוד ומעקב ממוחשב אחר נתוני הילד והמשפחה דרישות התפקיד: השכלה בסיעוד - בוגרי/ות בי""ס לסיעוד תואר ראשון בסיעוד או בניהול מערכות בריאות - יתרון רישוי עבודה כאח/ות מוסמך/ת (תעודת רישום) עדיפות לידע מקצועי עדכני בתחום הפעילות ידיעת השפה העברית, ידיעת אנגלית (כדי קריאת ספרות מקצועית) יכולות הדרכה ועמידה בלחצים יכולת עבודה בצוות ושיתוף פעולה בצוות יכולת תפעול המכשור הקיים במרפאה *תינתן עדיפות למועמדים/ות עם מוגבלויות"
טבח/ית,מרכז רפואי רבין,פתח תקוה,2026-04-23,https://jobs.clalitapps.co.il/clalit/redmatch-apply/redmatch.apply.html?compPositionID=46514,אחזקה ולוגיסטיקה,,"דרוש/ה טבח/ית למשרה מלאה בימים א'-ה' בין השעות 06:00-14:00 או 07:00-15:00 תיאור התפקיד: ביצוע עבודות בישול מקצועיות במטבח בית החולים הכנת מזון בהתאם לתפריט היומי: רגיל, דיאטה ומיוחד הכנת תפריט בהתאם למתכונים נתונים במסגרת צוות בישול ובתיאום עם הטבח הבכיר ביצוע העבודה תוך הקפדה על איכות הבישול, כללי ניקיון, תברואה, היגיינה ,בטיחות,וכשרות בכל שלביה העברת המזון המוכן כלים מתאימים לשם חלוקתו הכנת ציוד הבישול הנייח לשטיפה מילוי תפקידים נוספים בתחום המקצועי לפי הוראת הממונה דרישות התפקיד: בוגר/ת 10 שנות לימוד בוגר/ת בי""ס לטבחים מוסמך/ת ו/או קורסים מקבילים מוכרים יחסי עבודה ואנוש תקינים ידיעת השפה העברית *תינתן עדיפות למועמדים/ות עם מוגבלויות"
מנהל מחלקת מדיניות תקצוב,כללית,תל אביב,2026-04-19,https://jobs.clalitapps.co.il/clalit/redmatch-apply/redmatch.apply.html?compPositionID=49275,מנהל ומטה,,"להנהלה ראשית דרוש/ה מנהל/ת מחלקת מדיניות תקצוב תיאור התפקיד : אחריות להכנת תקציב מאקרו של כללית ומוסדותיה ובקרה עליו הכנת תקציב מפורט למוסדות כללית אחריות לכללי התחשבנות פנימית בין מחוזות לבתי""ח ושותפות לניהול הסכמים בין מחוזות לבתי""ח בניית מדדי תקציב והצגתם למוסדות כללית ריכוז בחינת השלכות תקציביות של הסכמי שכר ייצוג האגף בהתנהלות מול משרדי הממשלה בנושאי חוק ביטוח בריאות ממלכתי ומקורותיו, הסכמי ייצוב, קפינג, קפיטציה, הסכמי שכר ונושאי מקרו נוספים, בתיאום עם הממונה אחריות לטיפול מקצועי בנושאים רגולטוריים בעלי השלכות כלכליות, הן כלפי משרדי הממשלה והן מול גורמי פנים הנחייה מקצועית ופיקוח על עבודתם של עובדים במחלקה ביצוע תפקידים נוספים, בתחום המקצועי, על פי הנחיות הממונה דרישות התפקיד : השכלה אקדמית (תואר ראשון) בכלכלה/מינהל עסקים, רצוי תואר שני 4 שנות ניסיון בעבודה ביחידות כלכליות בתחום הבריאות שנתיים ניסיון מעשי בעבודה מול משרדי ממשלה בתחומי רגולציה הכרת חוק ביטוח בריאות ממלכתי על בוריו (עם דגש על מקורות הסל והקפיטציה) ידע נרחב בכלכלת בריאות ובמערכות בריאות בעולם כושר ניהול וארגון כושר ניהול מו""מ גבוה *תינתן עדיפות למועמדים/ות עם מוגבלויות"
אחים/ות מוסמכים/ות,מחוז תל אביב יפו,תל אביב,2026-04-16,https://jobs.clalitapps.co.il/clalit/redmatch-apply/redmatch.apply.html?compPositionID=49233,אחים ואחיות,,"דרושי/םות אחים/ות מוסמכים/ות למרפאות ראשונית ומרפאות ילדים תיאור התפקיד: קבלת מטופלים למרפאה ותכנון הטיפול הסיעודי - אומדן, תכנון, ביצוע והערכה, לרבות הדרכה ואוריינטציה של המטופל ריכוז הטיפול תוך שיתוף גורמים מקצועיים רלוונטיים (רופא, עו""ס, דיאטנית, פיזיותרפיסט, ועוד), לרבות הדרכה והנחיית המטופלים ובני משפחותיהם מתן טיפול סיעודי בהתאם לצרכים ולהנחיות רפואיות: ביצוע בדיקות, מתן תרופות, התערבות סיעודית נדרשת על פי מצב המטופל סיוע לרופאים ויישום הוראות רפואיות: הכנת ציוד, מתן תרופות, סיוע ישיר בפעולות שונות לרבות הכנה והדרכת המטופל, הכנת הציוד, ניטור ודיווח תיעוד ודיווח בכתב ובעל פה על מטופלים והטיפול בהם ביצוע תחזוקה שוטפת של טכנולוגיות רפואיות ומתכלים במרפאה, כולל: זיהוי תקלות שונות, ניהול מלאי, טיפול בהתראות והפנייה לגורם המתאים תיאום הטיפול עם גורמים מקצועיים רלוונטיים מחוץ למרפאה (בית חולים או קהילה), כולל העברה ליחידה אחרת, דגימות למעבדה, בדיקות אחרות והדרכת החולה ובני משפחתו התעדכנות בידע, מיומנות וחידושים טכנולוגיים והעשרה מקצועית באמצעות: ספרות מקצועית, ימי עיון, השתלמויות, כנסים, מחקרים ועוד ביסוס הטיפול על ידע עדכני וחידושים טכנולוגיים דרישות התפקיד: השכלה באֲחָיוּת - בוגרי/ות בי""ס לאֲחָיוּת רצוי תואר ראשון באֲחָיוּת או בניהול מערכות בריאות רישוי עבודה כאח/ות מוסמך/ת (תעודת רישום) ידיעת השפה העברית, ידיעת אנגלית (כדי קריאת ספרות מקצועית) יחסי אנוש תקינים עמידה בלחצים יכולת עבודה ושיתוף פעולה בצוות *תינתן עדיפות למועמדים/ות עם מוגבלויות"
אחים/ות לטיפת חלב,מחוז מרכז,"קרית מלאכי, יד בנימין",2026-04-15,https://jobs.clalitapps.co.il/clalit/redmatch-apply/redmatch.apply.html?compPositionID=49220,אחים ואחיות,,"אחים/ות בטיפת חלב הינם הגורם המקצועי המוביל בתחום המניעה והטיפול באישה ההרה, באם, ביילוד ובפעוט בקהילה איתור בעיות וצרכים של האוכלוסיות הרלוונטיות, באופן יזום ועצמאי, תוך מעקב וטיפול על פי עיקרון הרצף הטיפולי במסגרת זו, הצוותים הינם בעלי סמכויות נרחבות ושיקול דעת מקצועי התפקיד כרוך בטיפול באוכלוסייה בריאה, מזמן אתגרים מרתקים וממשקי עבודה עם שותפי תפקיד מגוונים, בארגון ומחוצה לו (קהילה, משרד הבריאות וכו') ומאפשר מימוש מקצועי על פי עקרונות הרפואה המונעת תיאור התפקיד : מתן טיפול מונע לפרט ולמשפחה על פי נהלי משרד הבריאות (חיסונים) שיפור מדדי הבריאות של האוכלוסיות המטופלות בתחנה, על בסיס איתור צרכים ותוך התאמה תרבותית העלאת רמת הידע והמודעות של פרטים וקבוצות בנושא בריאות ומניעה מעורבות קהילתית ועבודה עם שותפים לקידום בריאות הקהילה דרישות התפקיד : השכלה באֲחָיוּת - בוגר/ת בי""ס לאֲחָיוּת רישוי עבודה כאח/ות מוסמכ/ת (תעודת רישום) ידע מקצועי עדכני בתחום הפעילות ידיעת השפה העברית, ידיעת השפה האנגלית (כדי קריאת ספרות מקצועית) יחסי אנוש טובים יכולות הדרכה ועבודה בצוות תואר ראשון וניסיון בבריאות הציבור/טיפת חלב - יתרון * תינתן עדיפות למועמדים/ות עם מוגבלויות"
אח/ות למרפאה ראשונית,מחוז מרכז,אשדוד,2026-04-15,https://jobs.clalitapps.co.il/clalit/redmatch-apply/redmatch.apply.html?compPositionID=48935,אחים ואחיות,,"דרוש/ה אח/ות למרפאה ראשונית באשדוד תיאור התפקיד: קבלת מטופלים, תכנון הטיפול, ביצוע והערכה ריכוז הטיפול הסיעודי במטופל או במספר מטופלים, תוך שיתוף גורמים מקצועיים רלוונטיים, לרבות הדרכה והנחייה של מטופלים ובני משפחותיהם יצירת תנאים סביבתיים הולמים להבטחת בטיחות ונוחות המטופל במהלך טיפול, כולל טיפול בחולים אשר נמצאים בבידוד - ע""פ הנחיות מקצועיות עבודה עם רופאי המחלקה, השתתפות בביקורי הצוות הרפואי אצל מטופלים כולל הצגה ועדכון הטיפול הסיעודי הכנה וחלוקת תרופות למטופלים בכפוף לנהלים ולהנחיות תיעוד ודיווח בכתב ובעל פה על מצב מטופלים והטיפול בהם עדכון בידע, מיומנויות וחידושים, העשרה מקצועית בימי עיון, השתלמויות , כנסים מחקרים ועוד דיווח לאחות אחראית על כל המתרחש בתחום הפעילות ביצוע מטלות נוספות לפי הוראת הממונה דרישות התפקיד: השכלה בסיעוד - בוגר/ת בי""ס לסיעוד - חובה רישוי עבודה כאח/ות מוסמכ/ת (תעודת רישום) - חובה עדיפות לבעלי/ות על בסיסי ברפואה ראשונית וגריאטריה ניסיון במרפאה ראשונית - יתרון ידיעת השפה האנגלית ועברית יכולת הדרכה יכולת עמידה בלחצים *תינתן עדיפות למועמדים/ות עם מוגבלויות"
אח/ות מוסמכ/ת למרפאה ראשונית,מחוז מרכז,יבנה,2026-04-15,https://jobs.clalitapps.co.il/clalit/redmatch-apply/redmatch.apply.html?compPositionID=49218,אחים ואחיות,,"דרוש/ה אח/ות מוסמכ/ת למרפאה ראשונית ביבנה תיאור התפקיד: קבלת מטופלים, תכנון הטיפול, ביצוע והערכה ריכוז הטיפול הסיעודי במטופל או במספר מטופלים, תוך שיתוף גורמים מקצועיים רלוונטיים, לרבות הדרכה והנחייה של מטופלים ובני משפחותיהם יצירת תנאים סביבתיים הולמים להבטחת בטיחות ונוחות המטופל במהלך טיפול, כולל טיפול בחולים אשר נמצאים בבידוד - ע""פ הנחיות מקצועיות עבודה עם רופאי המחלקה, השתתפות בביקורי הצוות הרפואי אצל מטופלים כולל הצגה ועדכון הטיפול הסיעודי הכנה וחלוקת תרופות למטופלים בכפוף לנהלים ולהנחיות תיעוד ודיווח בכתב ובעל פה על מצב מטופלים והטיפול בהם עדכון בידע, מיומנויות וחידושים, העשרה מקצועית בימי עיון, השתלמויות , כנסים מחקרים ועוד דיווח לאחות אחראית על כל המתרחש בתחום הפעילות ביצוע מטלות נוספות לפי הוראת הממונה דרישות התפקיד: השכלה בסיעוד - בוגר/ת בי""ס לסיעוד - חובה רישוי עבודה כאח/ות מוסמכ/ת (תעודת רישום) - חובה עדיפות לבעלי/ות על בסיסי ברפואה ראשונית וגריאטריה ניסיון במרפאה ראשונית - יתרון ידיעת השפה האנגלית ועברית יכולת הדרכה יכולת עמידה בלחצים *תינתן עדיפות למועמדים/ות עם מוגבלויות"
אח/ות מוסמכ/ת,מרכז רפואי יוספטל ומרחב אילת,אילת,2026-04-15,https://jobs.clalitapps.co.il/clalit/redmatch-apply/redmatch.apply.html?compPositionID=49216,אחים ואחיות,,"למרכז הרפואי יוספטל דרוש/ה אח/ות מוסמכ/ת למכון גסטרואנטרולוגיה תיאור תפקיד: קבלת מטופלים למכון, תכנון הטיפול הסיעודי, אומדן, תכנון, ביצוע והערכה, לרבות הדרכה ואוריינטציה של המטופל ריכוז הטיפול הסיעודי במטופל או במספר מטופלים תוך שיתוף גורמים מקצועיים רלוונטיים (רופא עו""ס דיאטנית פיזיותרפיסט ועוד) לרבות ניטור השגחה, הדרכה והנחייה של מטופלים ובני משפחותיהם יצירת תנאים סביבתיים הולמים להבטחת בטיחות ונוחות המטופל במהלך הטיפול, כולל טיפול בחולים בבידוד על פי הנחיות מקצועיות אחריות לתכולת חדר פעולה, הכנה, מלאי, תקינות ומוכנות הציוד לפעולה המתוכננת הדרכה ומתן מידע למטופלים ובני משפחותיהם לקראת בדיקות טיפולים או פעולות במהלך ההתערבות ובסיומה סיוע לרופא בביצוע פעולות חודרניות ואחרות בהתאם להרשאה ולהנחיות מקצועיות טיפול בדגימות הנלקחות במהלך הבדיקה ווידוא רישום והעברה נאותים תיעוד ודיווח בכתב ובעל פה על המטופלים והטיפול בהם התעדכנות בידע, מיומנות וחידושים טכנולוגיים והעשרה מקצועית באמצעות ספרות מקצועית ימי עיון השתלמויות כנסים מחקרים ועוד ביסוס הטיפול על ידע עדכני וחידושים טכנולוגיים ביצוע תחזוקה שוטפת של טכנולוגיות רפואיות ומתכלים במחלקה כולל אחריות לניקוי, חיטוי ותחזוקה שוטפת של אנדוסקופים על פי הנהלים וההנחיות במסגרת זיהוי תקלות שונות, ניהול מלאי, טיפול בהתראות והפנייה לגורם המתאים ביצוע, תכנון ותאום שחרור עם היחידה המקבלת לרבות הדרכה של חולים ובני משפחותיהם לקראת השחרור זיהוי מצבים מסכני חיים והתערבות על פי הנחייה והרשאות ביצוע תפקידים נוספים ו/או אחריות לנושא ייחודי בתחום המקצועי לפי הוראות הממונה דרישות התפקיד: השכלה בסיעוד בוגר/ת בי""ס לסיעוד - חובה תואר ראשון מוכר בסיעוד: תואר ראשון בסיעוד או בניהול מערכות בריאות רישוי עבודה כאח/ות מוסמכ/ת (תעודת רישום) - חובה תעודת קורס על בסיסי גסטרואנטרולוגיה - חובה הכשרה בגסטרואנטרולוגיה הפעלה חריגה ""היד השלישת . - יתרון ניסיון קודם בתחום במשך שנתיים לפחות - חובה ידע מקצועי עדכני בתחום הפעילות ידיעת נהלים והנחיות מחלקתיים הכרת המכשור במחלקה ותפעולו ידיעת השפה העברית ידיעת אנגלית (כדי קריאת ספרות מקצועית) יחסי אנוש תקינים יכולות הדרכה יכולת עמידה בלחצים * תינתן עדיפות למועמדים/ות עם מוגבלויות"
אח/ות למרפאה ראשונית,מחוז מרכז,קרית מלאכי,2026-04-15,https://jobs.clalitapps.co.il/clalit/redmatch-apply/redmatch.apply.html?compPositionID=48930,אחים ואחיות,,"תיאור התפקיד: קבלת מטופלים, תכנון הטיפול, ביצוע והערכה ריכוז הטיפול הסיעודי במטופל או במספר מטופלים, תוך שיתוף גורמים מקצועיים רלוונטיים, לרבות הדרכה והנחייה של מטופלים ובני משפחותיהם יצירת תנאים סביבתיים הולמים להבטחת בטיחות ונוחות המטופל במהלך טיפול, כולל טיפול בחולים אשר נמצאים בבידוד עבודה עם רופאי המחלקה, השתתפות בביקורי הצוות הרפואי אצל מטופלים כולל הצגה ועדכון הטיפול הסיעודי הכנה וחלוקת תרופות למטופלים בכפוף לנהלים ולהנחיות תיעוד ודיווח בכתב ובעל פה על מצב מטופלים והטיפול בהם עדכון בידע, מיומנויות וחידושים, העשרה מקצועית בימי עיון, השתלמויות , כנסים מחקרים ועוד דיווח לאחות אחראית על כל המתרחש בתחום הפעילות ביצוע מטלות נוספות לפי הוראת הממונה דרישות התפקיד: השכלה בסיעוד - בוגר/ת בי""ס לסיעוד - חובה רישוי עבודה כאח/ות מוסמכ/ת (תעודת רישום) - חובה עדיפות לבעלי/ות על בסיסי ברפואה ראשונית וגריאטריה ניסיון במרפאה ראשונית - יתרון ידיעת השפה האנגלית ועברית יכולת הדרכה יכולת עמידה בלחצים *תינתן עדיפות למועמדים/ות עם מוגבלויות"
רופא/ה לוועדות רפואיות- Doctors for medical committees,מרכז רפואי לשיקום לוינשטיין,רעננה,2026-04-15,https://jobs.clalitapps.co.il/clalit/redmatch-apply/redmatch.apply.html?compPositionID=47138,רפואה,,"למערך הוועדות הרפואיות של משרד הביטחון דרושים/ות רופאים/ות מומחים/ות בהתמחויות הבאות: רופא/ה אורתופדיה- Orthopedic doctor תיאור התפקיד : ביצוע ועדות רפואיות לקביעת שיעור נכות ע""פ תקנות הנכות של אגף השיקום במשהב""ט, עם מזכירת ועדה שדואגת לניהול התיק ורישום הפרוטוקול תוך כדי הועדה שעות פעילות המכון: ימים א' עד ה' 08:00-19:00. ניתן להגיע לחלקי ימים/לתאם השתתפות פר וועדה המשרה מתאימה גם לרופאים שכירים בכללית אשר יקבלו את התגמול באמצעות תלוש שכר, או רופאים עצמאים כנגד חשבונית דרישות התפקיד : רישיון לעסוק ברפואה בישראל מומחיות נדרשת לפחות 5 שנים ניסיון בוועדות רפואיות - יתרון פרטי המועמדים יועברו למשהב""ט לקבלת כתב מינוי ע""י שר הביטחון * תינתן עדיפות למועמדים/ות עם מוגבלויות"
פרח רוקחות,מחוז מרכז,מודיעין,2026-04-14,https://jobs.clalitapps.co.il/clalit/redmatch-apply/redmatch.apply.html?compPositionID=49171,אחזקה ולוגיסטיקה,,"לבתי מרקחת באיזור מודיעין דרוש/ה עובד טכני בבית מרקחת - פרח רוקחות תיאור התפקיד: סיוע לרוקחים בבית מרקחת הקלדת נתוני תרופות למחשב עבודה על הקופה, עזרה בדלפק סידור תרופות ומוצרים משלימים על מדפים הדבקת מחירים על תכשירים קבלה וסידור תרופות מענה טלפוני מתן שירות ללקוחות עבודות תחזוקה של בית המרקחת דרישות התפקיד : בגרות מלאה ידיעת אנגלית ברמה טובה נכונות לעבודה בפיצולים/משמרות ערב *תינתן עדיפות למועמדים/ות עם מוגבלויות"
פקיד/ה למנהל תחום החרדים,מחוז ירושלים,גבעת שאול - ירושלים,2026-04-14,https://jobs.clalitapps.co.il/clalit/redmatch-apply/redmatch.apply.html?compPositionID=49194,מנהל ומטה,,"דרוש/ה מזכיר/ת לשכה למנהל תחום האוכלוסיה החרדית במטה מחוז ירושלים, החלפה בחל""ד משרה מלאה - 40 ש""ש, ימי א'-ה' 8.00-16.00 עם מידה של גמישות בשעות תיאור התפקיד: מתן שירות אדמיניסטרטיבי - ניהול יומן, טיפול בתכתובות, הכנת מצגות ודוחות עזרה בטיפול בנושאי כוח אדם - זימן מועמדים לראיונות, קשר עם משאבי אנוש מתן מענה לצוותי המרפאות מועמדים/ות מתאימים/ות יעברו תהליך מיון הכולל ראיונות ומבחני מחשב דרישות התפקיד: תעודת בגרות מלאה/חוצים מלאים - חובה ניסיון באדמיניסטרציה יחסי אנוש טובים, שיתוף פעולה בצוות יכולת עבודה בסביבה ממוחשבת ובתנאי לחץ ועומס ידע בתוכנות Office *תינתן עדיפות למועמדים/ות עם מוגבלויות"
מזכיר/ה רפואי/ת,מרכז שניידר לרפואת ילדים בישראל,גוש דן,2026-04-14,https://jobs.clalitapps.co.il/clalit/redmatch-apply/redmatch.apply.html?compPositionID=49214,מנהל ומטה,,"למרכז הרפואי שניידר דרוש/ה מזכיר/ה רפואי/ת במלר""ד למשרה חלקית, עבודה במשמרות כולל סופ""ש תיאור התפקיד: טיפול אדמיניסטרטיבי בקבלה ובשחרור מטופלים דחופים המגיעים למלר""ד טיפול אדמיניסטרטיבי באשפוז מטופלים במחלקות בית החולים מתן שירות פרונטאלי וטלפוני בנושאים אדמיניסטרטיביים למטופלים ובני משפחותיהם תמיכה אדמיניסטרטיבית בצוות רפואי וסיעודי במחלקה קיום ממשקי עבודה עם כל יחידות בית החולים לצורך קידום הטיפול במטופל (מחלקות אשפוז, מרפאות חוץ, יחידות דימות, מעבדות, יחידת הסניטרים ועוד) טיפול בנושאים כספיים, גבייה והחזרים תיעוד ודיווח על פעולות שבוצעו במרפאה במערכות ממוחשבות עבודה משרדית שוטפת: הכנת תיקים, תיוק, סריקה, הנפקת מדבקות, טיפול בדואר, הזמנת ציוד חצי משרה, העבודה בכל ימות השבוע במשמרות בוקר, ערב, לילה דרישות התפקיד: תעודת בגרות מלאה תעודת מזכירות רפואית- יתרון ניסיון בעבודת מזכירות בתחום הרפואה - יתרון שליטה מלאה בשפה העברית ידיעה של שפה נוספות - יתרון שליטה במחשב ובתוכנות Office כושר ארגון, תפעול וקידום תהליכים תודעת שירות גבוהה תקשורת בין אישית טובה ויכולת עבודה בצוות יכולת ביטוי טובה בעל פה ובכתב *תינתן עדיפות למועמדים/ות עם מוגבלויות"
פרח רוקחות,מחוז שרון שומרון,הרצליה,2026-04-14,https://jobs.clalitapps.co.il/clalit/redmatch-apply/redmatch.apply.html?compPositionID=49210,אחזקה ולוגיסטיקה,,לבתי מרקחת בהרצליה דרוש/ה פרח רוקחות תיאור התפקיד: אחריות על סידור בית המרקחת קבלת/פריקת סחורה טיפול בתרופות שאינן בתוקף ליקוט תרופות מענה טלפוני דרישות התפקיד: בגרות מלאה יחסי אנוש טובים שיתוף פעולה בצוות יכולת עבודה בסביבה ממוחשבת יכולת עבודה בתנאי לחץ ועומס *תינתן עדיפות למועמדים/ות עם מוגבלויות
רופא/ה פסיכיאטר/ית Psychiatrist,מחוז שרון שומרון,חדרה,2026-04-14,https://jobs.clalitapps.co.il/clalit/redmatch-apply/redmatch.apply.html?compPositionID=49207,רפואה,,"למרפאת בריאות הנפש - חדרה מבוגרים דרוש/ה פסיכיאטר/ית תפקיד מגוון, אפשריות לקידום, הכשרות מקצועיות ועבודה בסביבה רב מקצועית, דינמית ומתפתחת משרה מלאה/חלקית תיאור התפקיד : ביצוע אבחונים, בניית תוכניות טיפול ומתן טיפול למטופלים במרפאה השתתפות בישיבות ובדיונים בנושאים מקצועיים או מקרים פרטניים ווועדות שונות העברת מידע רפואי, בכתב או בעל פה, בהתאם לדרישות ולנהלים עבודה מול גורמי קהילה וגופים חיצוניים לצורך ייעוץ ושיתוף פעולה הדרכה, מחקר ופעילות אקדמית על פי הצורך השתלבות בפעילויות המחוז בהתאם לנהלים, להסכמים והצרכים קיום מפגשים עם מטופלים ובני משפחה לאיסוף ומתן מידע התעדכנות מקצועית שוטפת ביצוע משימות נוספות לפי הנחיות הממונה דרישות התפקיד : תואר M.D. ברפואה רישיון ישראלי לעסוק ברפואה ידע מקצועי נרחב ועדכני בתחום הפעילות המקצועית (המומחיות) הכרת החוקים, התקנות והנהלים הרלוונטיים ידע בהפעלת מערכות מחשב רלוונטיות ידיעה טובה של השפה העברית ידיעה טובה של השפה האנגלית (כדי קריאת ספרות מקצועית לפחות) רצויה ידיעת שפות נוספות (דיבור) מקצוענות אבחנתית וביצועית יכולת שיתוף פעולה בצוות תקשורת בין אישית טובה סבלנות ואמפתיה לזולת *תינתן עדיפות למועמדים/ות עם מוגבלויות"
קלינאי/ת תקשורת,מחוז שרון שומרון,"רעננה, חדרה וחריש",2026-04-14,https://jobs.clalitapps.co.il/clalit/redmatch-apply/redmatch.apply.html?compPositionID=49065,קלינאות תקשורת,,"דרוש/ה קלינאי/ת תקשורת למכון התפתחות הילד ברעננה ובחדרה תיאור התפקיד: ביצוע אבחונים לתינוקות ולילדים עד גיל 9 בתחומי שפה, תקשורת, דיבור, אכילה קביעת תוכנית טיפולית וטיפול בהתאם לממצאי האבחון בתחום השפה והדיבור - ילדים: אבחון והערכה של שפה, היגוי, קול, הפרעות בקצב הדיבור, בעיות פונקציונאליות ואורגניות קביעת תוכנית טיפולית וטיפול בהתאם לממצאי האבחון/הערכה לקיחת חלק פעיל בעבודת צוות מקצועי ורב מקצועי השתתפות בימי עיון והשתלמויות, התעדכנות בחידושים מקצועיים אפשרות להשתתפות בפרויקטים ובמחקרים דרישות התפקיד : תואר ראשון בקלינאות תקשורת רשיון עיסוק במקצוע - תעודת הכרה במעמד של משרד הבריאות עברית ברמת שפת אם שליטה באנגלית כדי קריאת ספרות מקצועית כושר הבעה בכתב ובעל פה יכולת עבודה בסביבה ממוחשבת יחסי אנוש טובים ויכולת עבודה בצוות עדיפות לניסיון בתחום התפתחות הילד/עבודה עם ילדים בגיל הרך *תינתן עדיפות למועמדים/ות עם מוגבלויות"
רופא/ה פרילנסר/ית למרפאה לשיקום מיני- Sexual Rehabilitation Physician,מרכז רפואי לשיקום לוינשטיין,השרון,2026-04-14,https://jobs.clalitapps.co.il/clalit/redmatch-apply/redmatch.apply.html?compPositionID=48736,רפואה,,"למרכז הרפואי לשיקום לוינשטיין דרוש/ה רופא/ה פרילנסר/ית למרפאה לשיקום מיני בהיקף של כ-52 שעות חודשיות כנגד חשבונית (פרילנסר) ליומיים עבודה בשבוע עבודה טיפולית מרתקת מאתגרת ומפתחת בצוות רב מקצועי תיאור התפקיד: ניהול מרפאה מוכרת להדרכה ע""י איט""ם בטיפול מיני טיפול בפניות מהקהילה הכוללים ביצוע אינטייקים, הפניה למתמחה, הדרכת המתמחה בטיפול פניות מהמרכז הרפואי לוינשטיין ממחלקות האשפוז ואשפוז יום למתן יעוץ וטיפול מיני והמשך הפניה לטיפול מתמחים בטיפול מיני והדרכה על טיפולים ביצוע ישיבות צוות אחת לשבוע + הדרכה פרטנית אחת לשבוע לכל מתמחה. קידום השרות הסקסולוגי הכולל מתן הרצאות לצוותי רפואה ופרא רפואה לוינשטיין פרסום וקידום המרפאה בקהילה ובקופות החולים דרישות התפקיד: השכלה אקדמית- רופא/ה שעבר הסמכה בתחום השיקום המיני אישור על הכשרה הסמכה/הכשרה בתחום השיקום המיני ניסיון של שלוש שנים לפחות בעבודה במוסד טיפולי יכולת לעבודה בצוות רב מקצועי מוכנות גבוהה ללמידה והתפתחות *תינתן עדיפות למועמדים/ות עם מוגבלויות"
עובד/ת סוציאלי/ת ליחידת קשב,מחוז דן פתח תקווה,גוש דן,2026-04-14,https://jobs.clalitapps.co.il/clalit/redmatch-apply/redmatch.apply.html?compPositionID=49144,עבודה סוציאלית,,"תיאור התפקיד: טיפול פרטני וקבוצתי בילדים, בני נוער והוריהם, ליווי והדרכת הורים עבודה בצוות רב מקצועי, בניית תוכנית טיפול מותאמת אישית, קשר עם מסגרות חינוכיות וגורמי קהילה השתתפות בישיבות צוות והדרכות מקצועיות דרישות התפקיד : תואר שני בעבודה סוציאלית ניסיון בעבודה עם ילדים ובני נוער - יתרון היכרות עם תחום הפרעת קשב וריכוז - יתרון משמעותי עבודה בצוות לצד עצמאות מקצועית מובטחת סביבה מקצועית, הדרכה מקצועית שוטפת והכשרות מקצועיות *תינתן עדיפות למועמדים/ות עם מוגבלויות"
הנדסאי.ת חשמל - מתח גבוה,מרכז רפואי כרמל,מרכז רפואי כרמל- חיפה,2026-04-13,https://jobs.clalitapps.co.il/clalit/redmatch-apply/redmatch.apply.html?compPositionID=49173,אחזקה ולוגיסטיקה,,"למרכז הרפואי כרמל דרוש/ה הנדסאי.ת חשמל עם ניסיון במתח גבוה תיאור התפקיד: ביצוע עבודות תיקונים והתקנות לפי הוראות הממונה דיווח על עבודות שבוצעו בטפסי מחשב ויומנים נהוגים דרישות התפקיד: הנדסאי.ת חשמל- חובה! בוגר/ת בי""ס מקצועי במקצוע החשמל רישיון חשמלאי/ת מוסמך/ת בתוקף (משרד התמ""ת) ניסיון של 5 שנים בעבודות אחזקת מערכות חשמל בביניינים ובתעשיה עבודה במתח גבוה- חובה! ידע בקריאת תוכניות חשמל במיבנים ובקריאת תוכניות פיקוד הכרת מערכות החשמל בבית החולים ידיעת השפה העברית (כדי הגשת דיווח על עבודות שביצע) *תינתן עדיפות למועמדים/ות עם מוגבלויות"
מנהל/ת מרכז בריאות האישה,מחוז מרכז,אשדוד,2026-04-13,https://jobs.clalitapps.co.il/clalit/redmatch-apply/redmatch.apply.html?compPositionID=49209,רפואה,,"דרוש/ה מנהל/ת מרכז בריאות האישה - רופא/ה מומחה/ית ברפואת נשים תיאור תפקיד : ניהול המרפאה ומתן שרותי רפואת נשים באיכות ובזמינות האופטימליים, בהתאם לנהלים ולהנחיות הנהלת המחוז ניהול השירות והאיכות הרפואית במרפאה בשיתוף עם הצוות המוביל הובלת תהליכים לשיפור והרחבת שירותים בהתאם להחלטות הנהלת המחוז ובתיאום עם המינהלת איתור רופאים ומלווה את כניסתם לתפקיד שותפות לתהליכים המבטיחים זמינות שירותים, בין היתר באמצעות קשר עם מוסדות רפואיים בכללית ומחוץ לכללית יוזמה לתהליכים בחיבור המרפאה לקהילת המטופלים ניהול המערך התקציבי תוך ניצול אופטימלי של המשאבים טיפול בתלונות ובבירורים של מבוטחים בתחום הרפואי ווידא ביצוע הרשומה הרפואית בתיקים הרפואיים של מבוטחי המרפאה דרישות התפקיד: רופא/ה מומחה ברפואת נשים בעל/ת רישיון ישראלי לעיסוק ברפואה ניסיון של 3 שנים כרופא/ת נשים כושר ארגון ופיקוח על צוות עובדים כושר הבעה בכתב ובעל-פה כושר הדרכה יחסי אנוש יחסי עבודה תקינים ידיעת השפה העברית על בוריה ושפה זרה נוספת *תינתן עדיפות למועמדים/ות עם מוגבלויות"
רפרנט/ית מכרזים והתקשרויות,הנהלה ראשית,תל אביב,2026-04-13,https://jobs.clalitapps.co.il/clalit/redmatch-apply/redmatch.apply.html?compPositionID=49045,מנהל ומטה,,"להנהלה ראשית דרוש/ה רפרנט/ית מכרזים והתקשרויות - מינהל תשתיות ובינוי - חטיבת לוגיסטיקה ותשתיות תיאור התפקיד : הכנת מכרזים לפרסום (הכנת מסמכים משפטיים והתאמתם למכרז ולדרישות הייחודיות בפרויקט, ריכוז כל החומר המקצועי והתכנוני, הגשת החומר לאישור ועדת המכרזים והעלאת הקבצים לפרסום באינטרנט) הכנה ופרסום מכרזים למוסדות ביצוע התקשרויות עם קבלנים (החתמת חוזה, הכנת הזמנת עבודה, אישור תקציב, צו התחלת עבודה) הפקת הזמנות, הגדלת הזמנות לקבלנים כולל מעקב אחר התקדמות הפרויקט עידכון מאסטר המסמכים המשפטיים טיפול באופן שוטף ברישום קבלנים חדשים ועדכון רשימת הקבלנים המאושרים של הבינוי טיפול באופן שוטף במאגר חוות דעת על קבלנים: ריכוז חוות הדעת על הקבלנים והקלדתם למאגר דיווח על פרויקטים מעל 40 מש""ח לביצוע מכרז לביטוח אחריות לעדכון שוטף ממוחשב של סטטוס מכרזים פתוחים אחריות לעדכון שוטף ממוחשב על מכרזים המנוהלים במדור לגורמים במינהל תשתיות ובינוי למוסדות כללית אחריות לניהול ותחזוקת אתר שיתוף ידע למכרזי בינוי מול מוסדות בכללית דרישות התפקיד : השכלה תיכונית מלאה (תעודת בגרות), רצוי - השכלה אקדמית (תואר ראשון) במדעי החברה ידע מקצועי מעשי של ביצוע מטלות העיסוק הכרת החוקים, התקנות והנהלים הרלוונטיים לנושאי הפעילות ידע בתפעול מערכות מחשוב רלוונטיות לעיסוק ידיעה טובה של השפה העברית ידיעה, בעיקר קריאה, של אנגלית טכנית הקפדה על פרטים ודיוק הקפדה על נהלים ותקנות אמינות ויושר דיסקרטיות עמידה בלחץ והתנגדות תקשורת בין אישית טובה *תינתן עדיפות למועמדים/ות עם מוגבלויות"
מזכיר/ה לבית מרקחת,מרכז רפואי קפלן,רחובות,2026-04-13,https://jobs.clalitapps.co.il/clalit/redmatch-apply/redmatch.apply.html?compPositionID=49104,מנהל ומטה,,"למרכז רפואי קפלן דרוש/ה מזכיר/ה לבית המרקחת המוסדי - משרה מלאה תיאור התפקיד: ביצוע מכלול פעילויות המזכירות השונות הכולל: טיפול בדואר נכנס ויוצא, הדפסת חומר מגוון, תיוק, מענה טלפוני וכו' ריכוז והכנת חומר מגוון עבור ישיבות, ועדות או טיפול אחר בהתאם להנחיית המנהלת ליצור קשר עם גורמים שונים במוסד ומוחצה לו דרישות התפקיד: השכלה תיכונית כולל תעודת בגרות מלאה בוגר/ת קורס מוכר למזכירות שליטה מלאה בשפות עברית ואנגלית ידיעת השפה העברית על בורייה שליטה מלאה בתוכנות oficce שליטה במערכות ממוחשבות כולל SAP תקשורת בין אישית טובה ויכולת עבודה בצוות יכולת לעבוד בעומס וריבוי משימות לעיתים תחת לחץ יכולת ביטוי טובה בעל פה ובכתב *תינתן עדיפות למועמדים/ות עם מוגבלויות"
מתאמ/ת תיירות מרפא,מרכז שניידר לרפואת ילדים בישראל,פתח תקווה,2026-04-13,https://jobs.clalitapps.co.il/clalit/redmatch-apply/redmatch.apply.html?compPositionID=49196,מנהל ומטה,,"למרכז הרפואי שניידר דרוש/ה מתאמ/ת תיירות מרפא ימים א'-ה' 08:00-16:00 תיאור התפקיד: תיאום בין הלקוחות סוכני תיירות/תיירים לבין נותני שירות רפואי בביה""ח וניהול תיקי המטופלים. אחריות לתיאום תורים עבור התיירים לייעוץ, בדיקות וניתוחים, בבי""ח ומחוצה לו אחריות על ליווי הלקוח בעת שהותו במרכז הרפואי ומעקב אחר השירותים הניתנים לו, כולל תרגום בעל פה ובכתב מתן הצעות מחיר ללקוחות, מעקב אחר מתן השירותים והכנת דוחות חודשיים דרישות התפקיד: השכלה אקדמית/הנהלת חשבונות - רצוי ידיעת השפה העברית על בורייה וידיעת שפה רוסית (שפת אם) ידיעה טובה של השפה האנגלית יחסי אנוש טובים ויכולת עבודה בצוות רצוי ניסיון בשרות לקוחות שליטה בתוכנות OFFICE ויישומי מחשב נוספים *תינתן עדיפות למועמדים/ות עם מוגבלויות"
מחסנאי/ת,מרכז רפואי אוניברסיטאי סורוקה,באר שבע,2026-04-13,https://jobs.clalitapps.co.il/clalit/redmatch-apply/redmatch.apply.html?compPositionID=49200,אחזקה ולוגיסטיקה,,"למרכז הרפואי סורוקה דרוש/ה מחסנאי/ת תיאור התפקיד: הנפקת טובין עפ""י תקן/דרישה, הכנת שובר ניפוק, ליקוט והעברת הטובין עפ""י נהלים החתמת הלקוח על שוברי ניפוק וביצוע ניפוקי דלפק להשלמת חוסרים ניהול מלאי המחסן עפ""י נהלים מקצועיים, ביצוע בדיקות קבלה כמותיות, איכותיות לתאימות ותקינות הטובין, הפרדת פריטים לא תקינים, וביצוע ספירות מלאי מדגמיות ועוד אחסון טובין עפ""י נהלים וכללים, סידור מדפים לפי איתור ו-FIFO, ארגון וסידור המחסן ושמירה על סדר וניקיון ומעברים פנויים ביצוע עבודה עפ""י נהלים, הכרת תיק נהלים והוראות העבודה וביצוע ריענון בשינויים דרישות התפקיד: השכלה תיכונית/מקצועית ניסיון של שנה לפחות בעבודות מחסן ידיעה טובה של השפה העברית והשפה האנגלית תודעת שרות ויכולת ומוטיבציה ללמידה מוסר עבודה גבוה כושר פיזי *תינתן עדיפות למועמדים/ות עם מוגבלויות"
דימותן/ית רפואי/ת,מחוז דן פתח תקווה,פתח תקווה,2026-04-13,https://jobs.clalitapps.co.il/clalit/redmatch-apply/redmatch.apply.html?compPositionID=49189,רנטגן ודימות רפואית,,תיאור התפקיד: ביצוע פעולות דימות שונות לפי הנחיות ממונה הכנת הנבדק והמכשור לביצוע הצילום בהתאם לסוגו עיבוד הצילומים במערכת דיגיטלית דיווח על ביצוע הבדיקה בטופס הזמנה ובמערכת בדיקות שגרתיות של המכשור להבטחת פעילותו השוטפת ביצוע תפקידים נוספים בהתאם להנחיות ממונה דרישות התפקיד: לימודי רנטגנאות והדמיה - בוגר/ת בית ספר לרנטגן תעודת דימותן/ית רפואי/ת - משרד הבריאות ידע וניסיון בביצוע בדיקות ממוגרפיה ידע וניסיון בביצוע סונר שד הכרת השימוש במערכות מידע ממוחשבות ידיעת השפה העברית על בוריה ידיעת השפה האנגלית ברמה שמאפשרת לקרוא חומר מקצועי יחסי אנוש טובים *תינתן עדיפות למועמדים/ות עם מוגבלויות
רכז/ת שירות וחווית המטופל - מרכז רפואי מאיר,מרכז רפואי מאיר,כפר סבא - מרכז רפואח מאיר,2026-04-12,https://jobs.clalitapps.co.il/clalit/redmatch-apply/redmatch.apply.html?compPositionID=49193,מנהל ומטה,,"למרכז רפואי מאיר דרוש/ה רכז/ת שירות וחווית המטופל תיאור התפקיד: ליווי צוותים בבית החולים בתהליכי שירות. הכשרה והנחיית צוותים בית החולים בתחומי השירות וחוויית המטופל. סקרים ומשובים: ניתוח נתונים, כתיבת דוחות והצגת הממצאים. סיוע למחלקות ויחידות בבית החולים בתכנון, ביצוע ובקרה של תכניות העבודה שלהן בתחום השירות וחווית המטופל. ניסוח, עיצוב והפקת חומרי מידע בפלטפורמות השונות. הובלת פרויקטים בתחום השירות - בהנחיה מקצועית של מנהלת השירות. דרישות התפקיד: תואר ראשון מדעי החברה, תקשורת, שיווק, ניהול מערכות בריאות, מינהל עסקים. ניסיון מקצועי של שנתיים לפחות בעולמות השירות וחווית המטופל. ניסיון במערכת הבריאות: רצוי. יכולת עבודה בסביבה מרובת משימות ובאינטראקציה מול ממשקים רבים. יכולת התנסחות בכתב ובעל פה, כולל ניסוח חומרי מידע והכנת מצגות . שליטה ביישומי Microsoft Office (Word, PowerPoint, Excel) יחסי אנוש מעולים. תודעת שירות גבוהה. יוזמה ויצירתיות. יכולת עבודה עצמאית. ראייה מערכתית. *תינתן עדיפות למועמדים/ות עם מוגבלויות"
רכז/ת מערך מתנדבים,מרכז לבריאות הנפש גהה,פתח תקווה,2026-04-12,https://jobs.clalitapps.co.il/clalit/redmatch-apply/redmatch.apply.html?compPositionID=49195,אחר,,"המרכז לבריאות הנפש גהה מחפש רכז/ת מערך מתנדבים במשרה מלאה לתפקיד מעניין, מאתגר ומרתק משרה מלאה - שעות אחה""צ 13:00-21:00, ימים ראשון עד חמישי תיאור התפקיד: ניהול מערך מתנדבים בבית החולים: במחלקות האשפוז, סגורות, פתוחות ונוער ליווי וריכוז עבודת המתנדבים דרישות התפקיד: תואר ראשון במקצוע טיפולי ניסיון בעבודה בבריאות הנפש עדיפות להתנסות במחלקות אשפוז ניסיון בריכוז מתנדבים - יתרון יחסי אנוש טובים *תינתן עדיפות למועמדים/ות עם מוגבלויות"
מרפא/ה בעיסוק,מחוז מרכז,"מודיעין, לוד",2026-04-12,https://jobs.clalitapps.co.il/clalit/redmatch-apply/redmatch.apply.html?compPositionID=49191,ריפוי בעיסוק,,"למכונים במודיעין וגני אביב בלוד דרוש/ה מרפא/ה בעיסוק תיאור התפקיד: אבחון, הערכה וקביעת תוכנית התערבות מקצועית למטופל, ייעוץ והדרכה למטופל ולמשפחתו שותפות פעילה בצוותים רב מקצועיים בבית החולים ובמוסדות נוספים של כללית הכשרה ופיתוח מקצועי ועדכני השתתפות בישיבות צוות ובקבוצות ללמידת עמיתים אפשרות להשתתפות בקבוצות מחקר בריפוי בעיסוק ובמגוון תחומים ברפואה אפשרות להשתתפות בצוותים חוצי ארגון, העוסקים בפיתוח תכניות התערבות חדשניות דרישות התפקיד תואר ראשון (לפחות) בריפוי בעיסוק תעודת מרפא/ה בעיסוק מטעם משרד הבריאות שליטה מלאה בעברית, ושליטה באנגלית כדי קריאת ספרות מקצועית רלוונטית יחסי אנוש טובים, יכולת עבודה בצוות יוזמה ופרו-אקטיביות ללמידה ולעשייה מקצועית *תינתן עדיפות למועמדים/ות עם מוגבלויות"
מרפא/ה בעיסוק,מחוז מרכז,"רמלה, אשדוד",2026-04-12,https://jobs.clalitapps.co.il/clalit/redmatch-apply/redmatch.apply.html?compPositionID=49188,ריפוי בעיסוק,,"למחוז מרכז דרוש/ה מרפא/ה בעיסוק במרפאות בריאות הנפש מבוגרים בקהילה תיאור התפקיד: אבחון, הערכה וקביעת תוכנית התערבות מקצועית למטופל, ייעוץ והדרכה למטופל ולמשפחתו הכנת המטופל לוועדת סל שיקום מעורבות פעילה בצוותי טיפול רב מקצועיים לצורך קידום תהליך הטיפול ייצוג מקצוע הריפוי בעיסוק וייעוץ לגורמי טיפול נוספים - במסגרת צוות רב מקצועי או במסגרות אחרות בקהילה ובבתי החולים של כללית הכשרה ופיתוח מקצועי ועדכני השתתפות בישיבות צוות ובקבוצות ללמידת עמיתים אפשרות להשתתפות בקבוצות מחקר בריפוי בעיסוק ובמגוון תחומים ברפואה אפשרות להשתתפות בצוותים חוצי ארגון, העוסקים בפיתוח תכניות התערבות חדשניות ניתן לשלב עבודה בתחום בריאות הנפש עם עבודה במכוני ריפוי בעיסוק בקהילה דרישות התפקיד: תואר ראשון (לפחות) בריפוי בעיסוק תעודת מרפא/ה בעיסוק מטעם משרד הבריאות שליטה מלאה בעברית ושליטה באנגלית כדי קריאת ספרות מקצועית רלוונטית יחסי אנוש טובים, יכולת עבודה בצוות יוזמה ופרו-אקטיביות ללמידה ולעשייה מקצועית *תינתן עדיפות למועמדים/ות עם מוגבלויות"
ממונה על בטיחות וסביבה,מרכז לבריאות הנפש שלוותה,הוד השרון,2026-04-12,https://jobs.clalitapps.co.il/clalit/redmatch-apply/redmatch.apply.html?compPositionID=49113,אחים ואחיות,,"למרכז לבריאות הנפש שלוותה דרוש/ה ממונה על בטיחות וסביבה במשרה מלאה תיאור התפקיד: ייעוץ בכל הנוגע לחוקים, לתקנות ולתקנים בעינייני בטיחות, בטיחות אש וסביבה (קיימות סביבתית, אחראי/ת רעלים), סיוע לאנשי צוות הניהול והתכנון בנוגע לבטיחות, גיהות תעסוקתית, הנדסת אנוש ובריאות תעסוקתית, בטיחות אש וסביבה של העובדים במוסד ואתריו ולקידום התודעה בנושאים אלה ביצוע בקרות ומבדקים פנימיים בתחומים אלו בכל אתרי המוסד, דיווח לממונה על הליקויים/מפגעים שנמצאו, הצעת פתרונות לתיקונם וביצוע מעקב אחר תיקון הליקויים ווידוא קיום התקני בטיחות וסביבה נאותים במוסד דרישה של הנהגת סדרי בטיחות וסביבה נאותים במוסד בתהליכי העבודה במתקנים, במבנים, בציוד, בחומרים ובכל שינוי בהם ביוע פעולות לקיום הוראות מסירת מידע והדרכת עובדים לרבות הכנת תוכנית הדרכה לעובדים בתחומי הבטיחות והסביבה, בהתאם לתקנות ארגון הפיקוח על העבודה ובהתאם לדרישות תקני התעדה 5001 ISO , ISO14001 אחריות להכנת תוכנית לניהול בטיחות, בטיחות אש ותוכנית קיימות סביבתית ועידכונה כנדרש בתקנות ובנהלים הרלוונטים, לרבות סקרי סיכונים בתחומים אלו ווידוא ביצוע ויישום הוראות תוכניות העבודה לעיל והכללת דרישות בטיחות וסביבה בהוראות עדכניות לשימוש הפעלה, תחזוקה, איחסון בטוח של ציוד, של חומרים ושל תהליכי עבודה בירור סיבותיהן ונסיבותיהן של תאונות עבודה ומחלות מקצוע ואירועי סביבה במגמה להפיק לקחים, עריכה בכתב ממצאים ומסקנות הבירורים והגשה להנהלת המוסד הצעת צעדים מתאימים למניעת הישנות האירועים - וידוא הדרכת העובדים באשר לנסיבות האירוע והלקחים שהופקו ריכוז כל המידע והתיעוד הקשור לאירועי בטיחות וסביבה הכנת הוראות בתחומים אלו ותמצית בכתב של מידע על הסיכונים בעבודה, פרסומן ועדכונן השגחה על ביצוע הוראות בטיחות וסביבה ודיווח לממונה על כל מקרה של הפרתן ווידוא סימון חומרים ציוד ותהליכי עבודה מסוכנים והתקנת שילוט הדרכה לשימוש בציוד מגן אישי ווידוא ביצוע ביקורת ומעקב על המצב התקין של התקני בטיחות וסביבה, ציוד בטיחות, ציוד מגן אישי, ציוד נדרש לאירוע סביבתי וציוד החייב בדיקות תקופתיות על פי דין, על פי הוראות היצרן ולפי כללי מקצוע מקובלים ווידוא קיום שגרת בדיקות רפואיות לעובדים, "" בדיקות סביבתיות-תעסוקתיות"", פעולות המבוצעות בידי בודק מעבדה מוסמך, לשם מדידת רמת החשיפה המשוקללת, רמת החשיפה לזמן קצר ותקרת החשיפה במקום העבודה וכוללות סקר מקדים מעודכן וניטור סביבתי של גורמים מזיקים שנערך בהתאם לממצאיו בבית החולים החשופים לגורמים שלגביהם קיימת דרישה לעריכת בדיקות אלה. כל זאת ועוד, על ידי מעבדות מוסמכות, כאשר קיימת דרישת בדיקות כאלו בחוק או בתקנות טיפול וריכוז קיום ניטורים סביבתיים על פי הוראות חוק ותקנות , תיעוד ממצאיהן של הבדיקות, דיווח בהתאם לנדרש והבאת לידיעת הממונה את הממצאים, ההשלכות והאמצעים שיש לנקוט קביעת הסדרים שיבטיחו תנאי בטיחות וסביבה נאותים בהעסקתם של קבלני חוץ שיתוף פעולה עם ועדת הבטיחות והסביבה המוסדית ומסירת כל המידע הנדרש לפעילותה השוטפת הוראה על הפסקת העבודה כאשר נשקפת סכנה מיידית לחייו או בריאותו של עובד ודיווח על כך מיד לממונה ווידוא קיום תוכנית ושגרת תרגילים למצבי חירום דיווח למפקח עבודה אזורי על פי דרישתו על פעולות להעלאת רמת הבטיחות והגיהות ומניעת סיכונים ייצוג המוסד בפני מוסדות חוץ ודיווח בהתאם לנדרש בתקנות כגון: משרד העבודה - מינהל הבטיחות והבריאות בתעסוקה, שירותי הכבאות והמוסד לבטיחות ולגיהות, רשויות מקומיות, משרד הבריאות, המשרד להגנת הסביבה, פיקוד העורף, גופי התעדה ועומד בקשר עם המוסדות הללו הובלת ביצוע תהליכי התעדה בתחום ניהול הבטיחות והסביבה ניהול הבטיחות והסביבה במערכת ארגונית ממוחשבת, לרבות מדדים ויעדים והבאתם לידיעת הממונה את תמונת המצב הארגונית והמלצות למניעה ותעדוף דרישות התפקיד : השכלה על תיכונית (הנדסאות)/השכלה אקדמית תואר ראשון/הנדסה- יתרון לבעלי/ות השכלה בתחומי הסביבה, כימיה למהנדס/ת - רישום בפנקס המהנדסים והאדריכלים (משרד התמ""ת) להנדסאי/ת - רישום בפנקס ההנדסאים והטכנאים (רשות ההסמכה) תעודת הסמכה כממונה/ת בטיחות מטעם מוסד מוכר ומאושר ע""י מפקח עבודה ראשי במשרד העבודה ותעודת כשירות כממונה בטיחות בתוקף ניסיון מוכח של 3 שנים לפחות באחד מתחומי הבטיחות והסביבה, ניסיון ניהולי יתרון יחסי אנוש טובים מאוד ויכולת יצירת שיתופי פעולה ורתימה יכולת ניהול תהליכים וקשרי עם גורמי פנים וחוץ יכולת טכנולוגית לשימוש במערכות ממוחשבות כושר ארגון ויוזמה כושר הבעה בכתב ובעל פה ידיעת השפה העברית על בוריה וידיעת השפה האנגלית יחסי עבודה תקינים * המינוי לממונה על הבטיחות כפוף לאישור ממפקח עבודה אזורי כנדרש בתקנות *תינתן עדיפות למועמדים/ות עם מוגבלויות *תינתן עדיפות למועמדים/ות עם מוגבלויות"
עובד/ת אחזקה,מרכז רפואי כרמל,"מרכז רפואי כרמל, חיפה",2026-04-09,https://jobs.clalitapps.co.il/clalit/redmatch-apply/redmatch.apply.html?compPositionID=47992,אחזקה ולוגיסטיקה,,"תיאור התפקיד: איתור תקלות ובעיות, ביצוע בקרה של המרחב הפנימי והחיצוני של המבנה ושל מערכות הציוד שלו לשם איתור תקלות לתיקון או קבלת דיווחים על תקלות ובעיות במבנה ניטור והתקנת ציוד/מיכשור חדש במבנה או ליווי וסיוע לכך ווידוא אחר פעילותו התקינה ביצוע תחזוקה מונעת של המבנה ומערכות בו, על פי תוכנית והנחיות הממונים ביצוע תחזוקה שוטפת של המבנה (תיקונים קטנים) בהתאם למיומנות האישת לתיקון ליקויים ובעיות (סתימות, תיקוני חרסינה קטנים, תיקוני שרברבות קטנים וכדומה) ניטור גישה לאזורים מוגבלים במבנה (גג, חדר טלקומוניקציה, וכד') ושמירה על בטיחותם ונגישות להם טיפול ותפעול קריאות חירום של המשתמשים במבנה (הפסקות חשמל, שטפונות, שריפות וכד' פיקוח על עבודת קבלנים ועובדי תחזוקה חיצוניים תיעוד ודיווח על הפעילות ורישום פעולות אחזקה, דיווח על בעיות ותקלות בעיקר אלו שמעבר לטיפול האישי) דיווח לממונים על פי נהלים ודרישה קשרי עבודה עם המשתמשים בבניין ועם קבלני תחזוקה ושירותים חיצוניים דרישות התפקיד: השכלה תיכונית חלקית (10 שנות לימוד) הכשרה מתאימה בתחום - רצוי תעודת הכשרה מתאימה רצוי ניסיון קודם בתחום מטלות התפקיד ידע מקצועי בתחום העיסוק ידיעת תקנות ונהלים בתחומי הפעילות ידיעה בינונית ומעלה של השפה העברית (כולל כתיבת דיווחים) הבנה ויכולת טכנית מעשית יכולת תפקוד במצבי לחץ יחסי אנוש טובים *תינתן עדיפות למועמדים/ות עם מוגבלויות"
סניטר/ית,מרכז רפואי כרמל,"בי""ח כרמל",2026-04-09,https://jobs.clalitapps.co.il/clalit/redmatch-apply/redmatch.apply.html?compPositionID=46904,אחזקה ולוגיסטיקה,,"למרכז הרפואי כרמל דרוש/ה סניטר/ית תיאור התפקיד: שינוע וליווי מטופלים לבדיקות וטיפולים בבית החולים שותפות בהיערכות בית החולים לאירוע שעת חירום שינוע נפטרים לפתולוגיה בהתאם לנוהל בתיאום עם מנהלת הסיעוד של בית החולים ומנהל שינוע רפואי ובהנחייתם: סיוע במטלות הטיפוליות, שינוע בדיקות וציוד רפואי, שינוע וליווי מטופלים למוסדות אחרים בהתאם להנחיה רפואית, שינוע ציוד משקי ותרופות במשמרות ערב ולילה בלבד, ממחלקה למחלקה או מהמחסנים, סיוע לצוות הרפואי בניוד מטופלים מורכבים במחלקות האשפוז, מכונים, חדרי מיון, מרפאות דרישות התפקיד: 10 שנות לימוד לפחות יחסי עבודה ותודעת שירות גבוהה כשירות תעסוקתית לתפקיד קריאה וכתיבה של השפה העברית, ברמה התואמת את התפקיד ידע בסיס בהפעלת מחשב *תינתן עדיפות למועמדים/ות עם מוגבלויות"
מתאם/ת מחקר,מרכז רפואי העמק,עפולה,2026-04-09,https://jobs.clalitapps.co.il/clalit/redmatch-apply/redmatch.apply.html?compPositionID=43041,מנהל ומטה,,"תיאור התפקיד: השתתפות בפעילויות השיווק ומו""מ לקבלת מחקרים ליחידה טיפול בתהליך לאישור מחקר ביחידה: מילוי טפסים, הגשת מסמכים לוועדה, הצגה בפני הועדה, ביצוע דרישות תיקון ועוד גיוס נחקרים מתאימים: איתור נחקרים פוטנציאליים, תיאום גיוס ע""י הרופאים, מתן הסבר והכוונה למועמדים למחקר ביצוע הכנות מנהלתיות לקבלת מטופלים: תיאום וזימון תורים, הכנת חומרים וכלים, ארגון תהליך המחקר ועוד תפעול שוטף של תהליך המחקר: קבלת מטופלים, תיווך בין גורמים רלוונטיים, טיפול בדגימות ועוד ניהול נתוני המחקר: ריכוז והזנת נתונים, הכנת ושליחת דיווחים, מתן מענה לפניות ושאילתות קיום קשרי עבודה עם גורמים רלוונטיים מחוץ לארגון: רשויות רגולטוריות, חברות תרופות, מכוני מחקר אחרים ועוד טיפול במחקרים פנימיים יזומים ע""י היחידה טיפול שוטף בהיבטים מנהלתיים של תחום האחריות: כספים ותקציב, מלאי תרופות וציוד, ארכיב מחקר ועוד דרישות התפקיד: תואר ראשון במדעי החיים / מדעי הטבע / מדעי הרפואה קורס GCP/CRA ניסיון קודם בתחום תיאום מחקרים - יתרון היכרות עם תקנות ונהלים בתחום - חובה יכולת עבודה בסביבה ממוחשבת אנגלית ברמה גבוהה ידיעת שפה נוספת - יתרון תקשורת בינאישית טובה יכולת ארגון, הקפדה על פרטים ודיוק יכולת ביטוי בעל פה ובכתב * תינתן עדיפות למועמדים/ות עם מוגבלויות"
רוקח/ת,מחוז מרכז,"אשדוד, גן יבנה, קרית מלאכי, גדרה",2026-03-29,https://jobs.clalitapps.co.il/clalit/redmatch-apply/redmatch.apply.html?compPositionID=49184,רוקחות,,"לבתי מרקחת באשדוד דרושים/ות רוקחים/ות תיאור התפקיד: ניפוק תרופות על פי מרשמים הניתנים על ידי הרופאים גביית תשלום עבור התרופות בהתאם לנהלים ביצוע ייעוץ רוקחי בדלפק - שימוש בתרופות ללקוחות ביצוע הדרכה רוקחית בפגישה פרטנית עם הלקוח ייעוץ ללקוחות בבחירת תרופות O.T.C והדרכתם לגבי השימוש בהן סיוע בארגון הלוגיסטי של בית המרקחת, אחסון וסידור התרופות על פי הכללים, סידור מדפים חיצוניים, תמחור ומענה טלפוני היכרות ועמידה בדרישות משרד הבריאות בהתנהלות בבית המרקחת תיתכן החלפת הרוקח האחראי במטלות מרפאתיות כגון: ישיבות צוות או פרויקטים מרפאתיים אחרים השתתפות בפרויקטים שהמרפאה מובילה, בהתאם להחלטת הרוקח האחראי ביצוע מטלות נוספות בהתאם להנחיות הממונה דרישות התפקיד: השכלה אקדמית (תואר ראשון) ברוקחות רישיון עיסוק ברוקחות (משרד הבריאות) ידע מקצועי נרחב ידיעת השפה העברית על בורייה ידיעת השפה האנגלית כדי קריאת ספרות מקצועית יכולת עבודה בצוות יחסי אנוש טובים תודעת שירות *תינתן עדיפות למועמדים/ות עם מוגבלויות"
מחסנאי/ת,מרכז רפואי קפלן,רחובות,2026-03-26,https://jobs.clalitapps.co.il/clalit/redmatch-apply/redmatch.apply.html?compPositionID=49069,אחזקה ולוגיסטיקה,,"למרכז הרפואי קפלן דרוש/ה מחסנאי/ת למערך לוגיסטיקה תיאור התפקיד: הנפקת טובין עפ""י תקן/דרישה, הכנת שובר ניפוק, ליקוט והעברת הטובין עפ""י נהלים, החתמת הלקוח על שוברי ניפוק וביצוע ניפוקי דלפק להשלמת חוסרים ניהול מלאי המחסן עפ""י נהלים מקצועיים, ביצוע בדיקות קבלה כמותיות ואיכותיות לתאימות ותקינות הטובין, הפרדת פריטים לא תקינים וביצוע ספירות מלאי מדגמיות ועוד איחסון טובין עפ""י נוהלים וכללים, סידור מדפים לפי איתור ו-FIFO, ארגון וסידור המחסן, שמירה על סדר וניקיון ושמירת מעברים פנויים ביצוע עבודה עפ""י נהלים, הכרת תיק נוהלים והוראות העבודה, התעדכנות וביצוע רענון בשינויים דרישות התפקיד: השכלה תיכונית/מקצועית ניסיון של 3 חודשים בעבודת מחסן ידיעה טובה של השפה העברית והשפה האנגלית ברמה בסיסית תודעת שירות ומוטיבציה ללמידה *תינתן עדיפות למועמדים/ות עם מוגבלויות"
פרח רוקחות,מרכז רפואי קפלן,רחובות,2026-03-26,https://jobs.clalitapps.co.il/clalit/redmatch-apply/redmatch.apply.html?compPositionID=49099,אחזקה ולוגיסטיקה,,"למרכז הרפואי קפלן דרוש/ה כוח עזר רוקחי - פרח רוקחות במשרה מלאה תיאור התפקיד : סיוע לוגיסטי ואדמיניסטרטיבי לרוקחים בבית המרקחת ביחידות העבודה השונות ביצוע הזמנות מחלקתיות שבועיות במחלקות בית החולים ניהול מלאי, קבלת הזמנות, סידור סחורה, ביצוע הזמנות ורכש לתרופות, ליקוט הזמנות, שבועיות ודחופות, הקלדות ודיווח ב -SAP בקרת מלאי ותנאי איחסון תרופות, מעקב פגי תוקף וספירות מלאי ניהול רישומי מעקב טמפרטורה ודיווח ניהול תקשורת והתחשבנות מול מבוטחים ( דיווח מלאי, ניהול החזרי תרופות, דיווח ב -SAP, ניהול פגי תוקף) מענה טלפוני דרישות התפקיד : 12 שנות לימוד ידיעת השפה העברית ברמה טובה ידיעת השפה האנגלית יכולת עבודה בצוות שליטה במחשב ובתוכנות Office יכולות למידה נאותות * תינתן עדיפות למועמדים/ות עם מוגבלויות"
שרברב/ית,מרכז רפואי קפלן,רחובות,2026-03-26,https://jobs.clalitapps.co.il/clalit/redmatch-apply/redmatch.apply.html?compPositionID=49096,אחזקה ולוגיסטיקה,,"למרכז הרפואי קפלן, דרוש/ה עובד/ת אחזקה - שרברב/ית לעבודה במשמרות, כולל סופי שבוע וחגים תיאור התפקיד : ביצוע עבודות ותיקונים בצנרת מים וביוב בהתאם להנחיות הממונים עבודה כחלק מצוות האחזקה המתוכנן הרכבת קבועות סניטריות וחיבורן למערכות ייזום פעילויות טכניות שונות כמתחייב מכללי המקצוע ודיווח על עבודות שבוצעו בטופס ממוחשב ביצוע תפקידים נוספים לפי דרישות הממונים דרישות התפקיד : בוגר/ת בית ספר מקצועי בשרברבות ניסיון של 3 שנים בעבודות אינסטלציה כולל הכרת דרישות הוראות למתקני תברואה ניסיון בהתקנת צינורות ברזל בהברגת נחושת ופלסטיק נסיון בטיפול בביוב ובשוחות ידיעת השפה העברית כולל כתיבה והגשת דיווח על עבודות שבוצעו יכולת עבודה בצוות תינתן עדיפות למועמדים/ות עם מוגבלויות *"
רכז/ת פרט ושכר,מרכז רפואי קפלן,רחובות,2026-03-26,https://jobs.clalitapps.co.il/clalit/redmatch-apply/redmatch.apply.html?compPositionID=49114,מנהל ומטה,,"למרכז הרפואי קפלן דרוש/ה רכז/ת פרט ושכר במשרה מלאה תיאור התפקיד: טיפול כוללני בעובד מקליטתו לעבודה ועד פרישתו מהארגון, כולל טיפול בויסות עובדים טיפול בעדכונים שוטפים בתחומי כ""א ושכר של העובד (קרנות השתלמות, פנסיה, שעות נוספות, תנאים סוציאליים, החזר הוצאות ונושאי פרט נוספים) מתן שירות פרונטלי וטלפוני לעובדי המרכז הרפואי ביצוע מעקבים שוטפים בנושא תקן, איוש, קביעות, ותק וכדומה כולל הפקת דו""חות לממונים הפקת אישורים שונים לעובדים ביצוע בקרה ומעקב, טיפול בבירורים בנושא זכאויות שכר הפקת תלושי שכר (בדיקה, הפצה וטיפול בבירורים) ביצוע מטלות נוספות בהתאם להוראות הממונה דרישות התפקיד: תואר ראשון במשאבי אנוש או במדעי החברה עדיפות לבעלי הכשרה רשמית בתחום משאבי אנוש, במסגרת התואר או בלימודי תעודה ניסיון של שנתיים בתחום כח אדם ושכר הכרה וידע בשימוש במערכות מידע ממוחשבות בתחום כח אדם - SAP HR שליטה בתוכנות OFFICE ידיעת החוקים, התקנות וההוראות, הסכמי השכר והסכמי עבודה הכרה והבנת מרכיבי השכר ידיעת השפה העברית על בוריה כושר הבעה בכתב ובעל פה יחסי אנוש טובים ויכולת עבודה בצוות *תינתן עדיפות למועמדים/ות עם מוגבלויות"
מרפא/ה בעיסוק,מחוז חיפה וגליל מערבי,חיפה,2026-03-26,https://jobs.clalitapps.co.il/clalit/redmatch-apply/redmatch.apply.html?compPositionID=49183,ריפוי בעיסוק,,"מרפאה בעיסוק לתחום בריאות הנפש. תיאור התפקיד: טיפול מרפאתי בבריאות הנפש כחלק מצוות רב מקצועי. התפקיד כולל הערכה והתערבות טיפולית בריפוי בעיסוק. הכשרה ופיתוח מקצועי ועדכני. השתתפות בישיבות צוות ובקבוצות ללמידת עמיתים. הדרכה על ידי מרפאה בעיסוק. אפשרות לפיתוח וקידום טיפול ריפוי בעיסוק בבריאות הנפש. דרישות התפקיד: - תואר ראשון (לפחות) בריפוי בעיסוק - תעודת מרפא/ה בעיסוק מטעם משרד הבריאות - פניות להיקף משרה של 16 ש""ש לפחות (עדיפות לימי ראשון) - עדיפות לניסיון בתחום בריאות הנפש - שליטה מלאה בעברית, ושליטה באנגלית כדי קריאת ספרות מקצועית רלוונטית - יחסי אנוש טובים, יכולת עבודה בצוות - יוזמה ופרו-אקטיביות ללמידה ולעשייה מקצועית *תינתן עדיפות למועמדים/ות עם מוגבלויות"
פסיכולוג/ית שיקומי/ת מדריך/ה / מסתמך/ת,מחוז מרכז,ראשון לציון,2026-03-26,https://jobs.clalitapps.co.il/clalit/redmatch-apply/redmatch.apply.html?compPositionID=49179,פסיכולוגיה,,"למחוז מרכז דרוש/ה פסיכולוג/ית שיקומי/ת מדריך/ה מסתמך/ת תנאי שכר מתגמלים בהתאם להסכמי השכר החדשים הזדמנות חד פעמית להיות בעמדת השפעה כחלק מצוות הקמה למערך השיקומי במחוז ובמקביל לעבור הסמכה להדרכה יש אפשרות להשתלבות במרפאות נוספות בהמשך ובכלל לעבודה מגוונת ורחבה מבחינה מערכתית תיאור התפקיד: התפקיד משלב הן עבודה טיפולית במרפאת גוף נפש ייחודית והן בהמשך הקמת מרפאה שיקומית, הדרכה וקליטת מתמחים העבודה במרפאה כוללת טיפולים פרטניים וקבוצתיים לצד ישיבות צוות שבועיות הן במרפאה והן כחלק מהצוות השיקומי במחוז השתתפות בסמינרים והשתלמויות מעמיקות בתחומים טיפוליים שונים מטעם הכללית דרישות התפקיד: תואר שני בפסיכולוגיה רישום בפנקס הפסיכולוגים של משרד הבריאות תואר מומחה/ית בפסיכולוגיה עפ""י החוק והתקנות כושר הבעה בכתב ובעל פה יחסי עבודה ויחסי אנוש תקינים *תינתן עדיפות למועמדים/ות עם מוגבלויות"
רכז/ת בטיחות וסביבה,מחוז שרון שומרון,שרון,2026-03-25,https://jobs.clalitapps.co.il/clalit/redmatch-apply/redmatch.apply.html?compPositionID=48921,אחזקה ולוגיסטיקה,,"למחוז שרון שומרון דרוש/ה רכז/ת בטיחות וסביבה במשרה מלאה תיאור התפקיד: ייעוץ ותמיכה שוטפת לממונה בכל הנוגע לחוקים, תקנות ותקנים בתחומי הבטיחות, בטיחות האש ואיכות הסביבה ביצוע בקרות, מבדקים וסקרי סיכונים באתרי הארגון, דיווח על ליקויים, המלצה לפתרונות ומעקב אחר יישומם וידוא עמידה בתקני בטיחות וסביבה ותמיכה בהטמעתם בתהליכי עבודה, מבנים, מתקנים וציוד הכנת תוכניות הדרכה וקיום הדרכות לעובדים בתחומי בטיחות, אש וסביבה סיוע בגיבוש ויישום תוכניות ניהול בטיחות, בטיחות אש ותוכניות סביבתיות, כולל עדכונן השוטף השתתפות בחקירת תאונות עבודה, אירועי סביבה ומחלות מקצוע, הפקת ממצאים והפצת לקחים ריכוז ותיעוד כל המידע והדיווחים הקשורים לאירועי בטיחות וסביבה הכנת נהלי בטיחות וסביבה, סיכומי סיכונים ופרסומם לעובדים וידוא סימון, שילוט ושימוש באמצעי מיגון אישי וציוד בטיחות כנדרש בקרה על תקינות ציוד בטיחות, ציוד מיגון, מערכות אש וציוד המחייב בדיקות תקופתיות תמיכה בקיום בדיקות סביבתיות - תעסוקתיות וניטורים סביבתיים ודיווח על ממצאיהם לגורמים הרלוונטיים קביעת הסדרים להבטחת בטיחות בעבודת קבלני חוץ שיתוף פעולה עם ועדת הבטיחות והסביבה הארגונית השתתפות בתרגילי חירום ותמיכה בהפעלת תוכניות חירום ייצוג הארגון בריכוז מידע נדרש מול גופים רגולטוריים (משרד העבודה, כיבוי אש, המשרד להגנת הסביבה, רשויות מקומיות ועוד) תמיכה בתהליכי התעדה בתחומי ניהול הבטיחות והסביבה דרישות התפקיד: : השכלה על תיכונית (הנדסאות)/השכלה אקדמית תואר ראשון/הנדסה- יתרון לבעלי/ות השכלה בתחומי הסביבה, כימיה למהנדס/ת - רישום בפנקס המהנדסים והאדריכלים (משרד התמ""ת) להנדסאי/ת - רישום בפנקס ההנדסאים והטכנאים (רשות ההסמכה) תעודת הסמכה כממונה בטיחות מטעם מוסד מוכר ומאושר ע""י מפקח עבודה ראשי במשרד העבודה ותעודת כשירות כממונה בטיחות בתוקף ניסיון מוכח של 3 שנים לפחות באחד מתחומי הבטיחות והסביבה, ניסיון ניהולי - יתרון יחסי אנוש טובים מאוד ויכולת יצירת שיתופי פעולה ורתימה יכולת ניהול תהליכים וקשרי עם גורמי פנים וחוץ יכולת טכנולוגית לשימוש במערכות ממוחשבות כושר ארגון ויוזמה כושר הבעה בכתב ובעל פה ידיעת השפה העברית על בוריה וידיעת השפה האנגלית יחסי עבודה תקינים * המינוי לממונה על הבטיחות כפוף לאישור ממפקח עבודה אזורי כנדרש בתקנות *תינתן עדיפות למועמדים/ות עם מוגבלויות"
פרח רוקחות,מחוז מרכז,"ראשון לציון, רחובות, נס ציונה",2026-03-25,https://jobs.clalitapps.co.il/clalit/redmatch-apply/redmatch.apply.html?compPositionID=48920,אחזקה ולוגיסטיקה,,"לבתי מרקחת בראשון לציון ורחובות דרוש/ה עובד/ת טכני/ת - פרח רוקחות תיאור תפקיד: סיוע לרוקחים בבית מרקחת הקלדת נתוני תרופות למחשב עבודה על הקופה, עזרה בדלפק סידור תרופות ומוצרים משלימים על מדפים הדבקת מחירים על תכשירים קבלה וסידור תרופות מענה טלפוני מתן שירות ללקוחות עבודות תחזוקה של בית המרקחת דרישות לתפקיד : בגרות מלאה ידיעת השפה האנגלית ברמה טובה נכונות לעבודה בפיצולים/משמרות ערב *תינתן עדיפות למועמדים/ות עם מוגבלויות"
רכז/ת תחום קשרי לקוחות חברה ערבית,מחוז שרון שומרון,שרון,2026-03-25,https://jobs.clalitapps.co.il/clalit/redmatch-apply/redmatch.apply.html?compPositionID=49172,מנהל ומטה,,"למחלקת שיווק במחוז שרון - שומרון דרוש/ה רכז/ת תחום קשרי לקוחות לחברה ערבית במשרה מלאה תיאור התפקיד: ליווי מרפאות החברה הערבית לגיבוש והטמעת תוכניות עבודה והעמידה ביעדי מובילות מעקב ועמידה ביעדי מאזן לקוחות של החברה הערבית במרפאות ובמינהלת ביצוע הדרכות פרטניות וקבוצתיות בנושאי מובילות הפקת דוחות קצב ושיקוף לגורמים רלוונטיים זיהוי פערי ידע וביצוע הדרכות בהתאם קישור ותיאום בנושא קשרי לקוחות מול הגורמים הרלוונטיים במחוז ליווי מרפאות להגברת מודעות עובדים וגיבוש פתרונות מותאמים בתחום מאזן לקוחות הטמעת נהלים ושגרות עבודה כולל בקרה איסוף מידע על הזדמנויות ואיומים ודיווח שוטף למנהל/ת חברה ערבית שיתןף מהלכים מוצלחים במרפאות והפצתו ליתר מרפאות המינהלת דרישות התפקיד: השכלה אקדמית - תואר ראשון במינהל עסקים, מדעי החברה, מדעי הרוח, תקשורת, שיווק ניסיון של 3 שנים בעבודה עם נותני שירות בנקודות קצה, רצוי במרפאות עדיפות לניסיון בתחום ידע בתחומי שירות ושיווק ידע בתפעול מערכות מידע ומחשוב רלוונטיות כישורים בינאישיים טובים מאוד יכולת הנעה ורתימת עובדים ראיה מערכתית רחבה ידיעת השפות עברית וערבית על בוריין יכולת ביטוי וניסוח בכתב ובע""פ רישיון נהיגה (02) נכונות לנסיעות *תינתן עדיפות למועמדים/ות עם מוגבלויות"
אח/ות רפואה ראשונית,מחוז מרכז,"מודיעין, רמלה, לוד",2026-03-25,https://jobs.clalitapps.co.il/clalit/redmatch-apply/redmatch.apply.html?compPositionID=49174,אחים ואחיות,,"לאיזור מודיעין, רמלה, לוד דרוש/ה אח/ות למרפאה ראשונית תיאור התפקיד: קבלת מטופלים, תכנון הטיפול, ביצוע והערכה ריכוז הטיפול הסיעודי במטופל או במספר מטופלים, תוך שיתוף גורמים מקצועיים רלוונטיים, לרבות הדרכה והנחייה של מטופלים ובני משפחותיהם יצירת תנאים סביבתיים הולמים להבטחת בטיחות ונוחות המטופל במהלך טיפול, כולל טיפול בחולים אשר נמצאים בבידוד - ע""פ הנחיות מקצועיות עבודה עם רופאי המחלקה, השתתפות בביקורי הצוות הרפואי אצל מטופלים כולל הצגה ועדכון הטיפול הסיעודי הכנה וחלוקת תרופות למטופלים בכפוף לנהלים ולהנחיות תיעוד ודיווח בכתב ובעל פה על מצב מטופלים והטיפול בהם עדכון בידע, מיומנויות וחידושים, העשרה מקצועית בימי עיון, השתלמויות , כנסים מחקרים ועוד דיווח לאחות אחראית על כל המתרחש בתחום הפעילות ביצוע מטלות נוספות לפי הוראת הממונה דרישות התפקיד: השכלה בסיעוד - בוגר/ת בי""ס לסיעוד - חובה רישוי עבודה כאח/ות מוסמכ/ת (תעודת רישום) - חובה עדיפות לבעלי/ות על בסיסי ברפואה ראשונית וגריאטריה ניסיון במרפאה ראשונית - יתרון ידיעת השפה האנגלית ועברית יכולת הדרכה יכולת עמידה בלחצים *תינתן עדיפות למועמדים/ות עם מוגבלויות"
רכז/ת בקרת קבלני ניקיון ושמירה,הנהלה ראשית,תל אביב,2026-03-25,https://jobs.clalitapps.co.il/clalit/redmatch-apply/redmatch.apply.html?compPositionID=49132,מנהל ומטה,,"דרוש/ה רכז/ת בקרת קבלני ניקיון ושמירה (קהילה ובתי חולים) - מחלקת משק ארצי - חטיבת לוגיסטיקה ותשתיות תיאור התפקיד : ביצוע התחשבנות חודשית/רבעונית/שנתית/אד הוק מול קבלני הניקיון והשמירה בהתאם לקבוע בהסכם ההתקשרות, החוק, התקנות, הצווים וההסכמים הקיבוצים שחלים על עובדי קבלן בתחום הניקיון והשמירה אחריות על דו""חות בודקי השכר החיצוניים שנותנים שירות בתחום זה לכללית על פי התקשרויות בנושא זה. כך בין היתר, אחריות על קשר והתנהלות מול חברות הקבלן בתחום הניקיון והשמירה, לקבלת התייחסויות, תיקון ליקויים וכיוצ""ב ביצוע בקרה ומנהל באופן שוטף את הממשקים הרלוונטיים בכל הנוגע להתחשבנויות מול קבלני הניקיון בהתאם לדרישות הדין מטעם כללית. כמו כן, ביצוע סיורים ובקרות שוטפות במוסדות בכל הנוגע לתחומי האחריות המדוברים ליווי ומתן שירות באתרי כללית באופן פרונטלי וכן באמצעי תקשורת נוספים למנהלי משק, מנב""טים, חשבים, מנהלי כספים במוסדות, בודקי שכר חיצוניים, קבלני ניקיון ושמירה הפונים לבירורים בנושא בקרת חשבוניות מהווה מקור ידע מקצועי בתחום ההתקשרויות, החוקים, התקנות, צווים והסכמים קיבוציים החלים על עובדי קבלני הניקיון והשמירה המעניקים שירותים לכללית ביצוע חישובים, אחריות על מעקב, פיקוח ובקרה על ביצוע תשלומים וזיכויים בין המוסד לקבלן הניקיון והשמירה בהתאם להתקשרויות מול קבלן הניקיון והשמירה, דרישות החוק התקנות הרלוונטיות, צווים והסכמים קיבוציים כפי שאלו יתעדכנו מעת לעת אחריות לביצוע מעקבים שוטפים בנושאי נסיעות/הסעות/שעות נוספות, ותק ועוד אל מול החברה החיצונית טיפול בליקויים בדוחות בודקי שכר מול הגורמים הרלוונטיים במוסדות ו/או מול חברות הקבלן, בהתאם לצורך ולדרישות כפי שיהיו מעת לעת ריכוז וביצוע פיקוח ובקרה על נושא זכויות עובד הקבלן לפי דרישות הדין ובכלל זה, בהתאם לחובות מזמין השירותים לפי החוק להגברת האכיפה מהווה גורם מקצועי מקשר בין מוסדות כללית לחברה חיצונית שתבחר לצורך תפעול התקנות סיוע למנהלי המשק והמנב""טים בכלים וניתוחים כלכליים בתחומם סיוע בהליכים משפטיים בתחום של עובדי קבלן ניקיון ושמירה נכונות לעבודה אינטנסיבית בשטח בהיקף נרחב ביצוע מטלות נוספות בהתאם להוראות הממונה דרישות התפקיד : השכלה אקדמית (תואר ראשון) בכלכלה, לוגיסטיקה, משאבי אנוש מנהל עסקים או במדעי החברה יתרון לבעלי תעודת בודק שכר של משרד העבודה ניסיון בתחום בודקי שכר של עובדי קבלן בתחום ניקיון ושמירה יתרון לעובדים בעלי ניסיון בניהול משק בכלל ובתחום חישוב בקרות שכר עובדי משק בפרט הכרה וידע בשימוש במערכות מידע ממוחשבות בתחום כח אדם - חובה, (יתרון ל SAP HR ) שליטה בתוכנות- office , דגש על excel ברמה גבוהה - חובה ידיעת השפה העברית על בוריה יחסי אנוש תקינים כושר הבעה בכתב ובע""פ רישיון נהיגה - חובה *תינתן עדיפות למועמדים/ות עם מוגבליות"
אחים/ות לטיפת חלב,מחוז דן פתח תקווה,אור יהודה ואלעד,2026-03-25,https://jobs.clalitapps.co.il/clalit/redmatch-apply/redmatch.apply.html?compPositionID=49165,אחים ואחיות,,"אחים/ות בטיפת חלב הינם הגורם המקצועי המוביל בתחום המניעה והטיפול באישה ההרה, באם, ביילוד ובפעוט בקהילה איתור בעיות וצרכים של האוכלוסיות הרלוונטיות, באופן יזום ועצמאי, תוך מעקב וטיפול על פי עיקרון הרצף הטיפולי במסגרת זו, הצוותים הינם בעל סמכויות נרחבות ושיקול דעת מקצועי התפקיד כרוך בטיפול באוכלוסייה בריאה, מזמן אתגרים מרתקים וממשקי עבודה עם שותפי תפקיד מגוונים, בארגון ומחוצה לו (קהילה, משרד הבריאות וכו') ומאפשר מימוש מקצועי על פי עקרונות הרפואה המונעת תיאור התפקיד: מתן טיפול מונע לפרט ולמשפחה על פי נהלי משרד הבריאות (חיסונים) שיפור מדדי הבריאות של האוכלוסיות המטופלות בתחנה, על בסיס איתור צרכים ותוך התאמה תרבותית העלאת רמת הידע והמודעות של פרטים וקבוצות בנושא בריאות ומניעה מעורבות קהילתית ועבודה עם שותפים לקידום בריאות הקהילה דרישות התפקיד: השכלה באֲחָיוּת - בוגר/ת בי""ס לאֲחָיוּת רישוי עבודה כאח/ות מוסמכ/ת (תעודת רישום) ידע מקצועי עדכני בתחום הפעילות ידיעת השפה העברית, ידיעת השפה האנגלית (כדי קריאת ספרות מקצועית) יחסי אנוש טובים יכולות הדרכה ועבודה בצוות יתרון לבעלי/ות תואר ראשון וניסיון בבריאות הציבור/ טיפת חלב *תינתן עדיפות למועמדים/ות עם מוגבלויות"
פסיכולוג/ית קליני/ת,מרכז לבריאות הנפש גהה,פתח תקווה,2026-03-23,https://jobs.clalitapps.co.il/clalit/redmatch-apply/redmatch.apply.html?compPositionID=49149,פסיכולוגיה,,למחלקת מבוגרים סגורה במרכז הרפואי גהה דרוש/ה פסיכולוג/ית קליני/ית לחצי משרה תיאור התפקיד: המחלקה מטפלת במטופלים הסובלים ממצבים נפשיים אקוטים שמתמודדים עם קשיי תפקוד משמעותיים. עבודה קלינית משמעותית בצוות מקצועי ולומד. השתתפות בצוות המוביל במחלקה וניהול המערך הפסיכולוגי בצוות יש אפשרות להתקדמות מקצועית ולהסמכה להדרכה. דרישות תפקיד: רישום בפנקס הפסיכולוגים של משרד הבריאות כמומחה/ית ניסיון מקצועי קודם בטיפול ובאבחון ידע מקצועי עדכני בתחום המומחיות יחסי אנוש טובים ויכולת עבודה בצוות *תינתן עדיפות למועמדים/ות עם מוגבלויות
פסיכולוג/ית,מרכז לבריאות הנפש גהה,פתח תקווה,2026-03-23,https://jobs.clalitapps.co.il/clalit/redmatch-apply/redmatch.apply.html?compPositionID=49148,פסיכולוגיה,,למחלקת טיפול יום לנוער במרכז לבריאות הנפש גהה דרוש/ה פסיכולוג/ית קליני/ית לחצי משרה תיאור התפקיד: המחלקה מטפלת בילדים ובני נוער ומשפחותיהם המתמודדים עם קשיים נפשיים מורכבים עבודה קלינית משמעותית בצוות מקצועי ולומד השתתפות בצוות המוביל במחלקה וניהול המערך הפסיכולוגי בצוות יש אפשרות להתקדמות מקצועית ולהסמכה להדרכה דרישות תפקיד: רישום בפנקס הפסיכולוגים של משרד הבריאות כמומחה/ית ניסיון מקצועי קודם בטיפול ובאבחון ידע מקצועי עדכני בתחום המומחיות יחסי אנוש טובים ויכולת עבודה בצוות *תינתן עדיפות למועמדים/ות עם מוגבלויות
פסיכולוג/ית קליני/ת,מרכז לבריאות הנפש גהה,ישראל,2026-03-22,https://jobs.clalitapps.co.il/clalit/redmatch-apply/redmatch.apply.html?compPositionID=49131,פיזיותרפיה,,"ליחידה לטיפול אינטנסיבי קצר מועד לנוער (בגישת DBT) במרכז לבריאות הנפש גהה דרוש/ה פסיכולוג/ית קליני/ת לחצי משרה היחידה מטפלת במתבגרים המתמודדים עם אובדנות, פגיעות עצמיות וקשיי ויסות רגשי, במסגרת מודל טיפולי אינטנסיבי המבוסס על DBT ומשלב עבודה עם בני הנוער והוריהם תיאור התפקיד: טיפול פרטני במתבגרים הנחיית קבוצות מיומנויות DBT עבודה טיפולית עם הורים השתתפות בצוות רב־מקצועי מתאים לפסיכולוג/ית המחפש/ת עבודה קלינית משמעותית בצוות מקצועי לומד אפשרות להתקדמות מקצועית ולהסמכה להדרכה. דרישות התפקיד: רישום בפנקס הפסיכולוגים של משרד הבריאות ניסיון מקצועי קודם בטיפול ובאבחון ידע מקצועי עדכני בתחום המומחיות יחסי אנוש טובים ויכולת עבודה בצוות *תינתן עדיפות למועמדים/ות עם מוגבלויות"
אח/ות מוסמך/ת - רפואה דחופה,מרכז רפואי יוספטל ומרחב אילת,אילת,2026-03-22,https://jobs.clalitapps.co.il/clalit/redmatch-apply/redmatch.apply.html?compPositionID=49141,אחים ואחיות,,"דרוש/ה אח/ות למחלקה לרפואה דחופה במרכז הרפואי יוספטל תיאור התפקיד: קבלת מטופלים למחלקה תוך קביעת קדימויות ותכנון הטיפול הסיעודי אומדן, תכנון, ביצוע והערכה, לרבות הדרכה ואוריינטציה של המטופל ובני משפחתו ריכוז הטיפול הסיעודי במטופל או במספר מטופלים, תוך שיתוף גורמים מקצועיים רלוונטיים (רופא, פיזיותרפיסט, ועוד) לרבות הדרכה והנחייה של מטופלים ובני משפחותיהם יצירת תנאים סביבתיים הולמים להבטחת בטיחות ונוחות המטופל במהלך טיפול, כולל טיפול בחולים בבידוד, על פי הנחיות מקצועיות עבודה עם רופאי המחלקה - השתתפות בביקורי הצוות הרפואי אצל מטופלים, כולל הצגה ועדכון של הטיפול הסיעודי: סיוע בביצוע בדיקות, טיפולים ופעולות רפואיות, ובהן הכנה והדרכה של המטופל, הכנת הציוד, ניטור ודיווח הכנה וחלוקת תרופות למטופלים בכפוף לנהלים ולהנחיות תיעוד ודיווח בכתב ובעל פה על המטופלים והטיפול בהם עדכון בידע, מיומנות וחידושים טכנולוגיים והעשרה מקצועית, באמצעות ספרות, מקצועית, ימי עיון, השתלמויות, כנסים, מחקרים ועוד ביסוס הטיפול על ידע עדכני וחידושים טכנולוגיים ביצוע תחזוקה שוטפת של טכנולוגיות רפואיות ומתכלים במחלקה כולל זיהוי תקלות שונות, ניהול מלאי, טיפול בהתראות והפנייה לגורם המתאים תיאום העברת מטופל למחלקת האשפוז הרלוונטית עם הצוותים הנדרשים לרבות יידוע על מצב המטופל והציוד הנדרש לקליטתו זיהוי מצבים מסכני חיים והתערבות על פי הרשאות כולל הפעלת חדר הלם וטראומה עפ""י הנחיות מקצועיות ונהלים ביצוע תפקידים נוספים ו/או אחריות לנושא ייחודי בתחום המקצועי, לפי הוראות הממונה ייתכנות למילוי תפקיד אחראי/ת משמרת - קבלת משמרת ונתוני המטופלים במחלקה, הפעלת צוות ובקרה על פעילותו, בקרת מלאי טוקסיקה, ריכוז פעילות הסיעוד במשמרת דרישות התפקיד: השכלה בסיעוד בוגר/ת בי""ס לסיעוד רצוי - תואר ראשון מוכר בסיעוד: תואר ראשון בסיעוד או בניהול מערכות בריאות רישוי עבודה כאחו/ת מוסמך/ת (תעודת רישום) קורס על בסיסי ברפואה דחופה ניסיון קודם במחלקה לרפואה דחופה ידע מקצועי עדכני בתחום הפעילות ידיעת נהלים והנחיות מחלקתיים הכרת המכשור במחלקה ותפעולו ידיעת השפה העברית ידיעת אנגלית - כדי קריאת ספרות מקצועית יחסי אנוש תקינים יכולות הדרכה יכולת עמידה בלחצים יכולת עבודה בצוות יכולת תפעול המכשור הקיים ביחידה * תינתן עדיפות למועמדים/ות עם מוגבלויות"
אח/ות מוסמך/ת,מרכז רפואי יוספטל ומרחב אילת,אילת,2026-03-22,https://jobs.clalitapps.co.il/clalit/redmatch-apply/redmatch.apply.html?compPositionID=49140,אחים ואחיות,,"דרושים/ות אחים/ות מוסמכים/ות למרפאות ראשוניות במחוז אילת תיאור התפקיד: קבלת מטופלים למרפאה ותכנון הטיפול הסיעודי - אומדן, תכנון, ביצוע והערכה, לרבות הדרכה ואוריינטציה של המטופל ריכוז הטיפול תוך שיתוף גורמים מקצועיים רלוונטיים (רופא, עו""ס, דיאטנית, פיזיותרפיסט ועוד) לרבות הדרכה והנחיית המטופלים ובני משפחותיהם מתן טיפול סיעודי בהתאם לצרכים ולהנחיות רפואיות: ביצוע בדיקות, מתן תרופות, התערבות סיעודית נדרשת על פי מצב המטופל סיוע לרופאים ויישום הוראות רפואיות: הכנת ציוד, מתן תרופות, סיוע ישיר בפעולות שונות לרבות הכנה והדרכת המטופל, הכנת הציוד, ניטור ודיווח תיעוד ודיווח בכתב ובעל פה על מטופלים והטיפול בהם ביצוע תחזוקה שוטפת של טכנולוגיות רפואיות ומתכלים במרפאה, כולל: זיהוי תקלות שונות, ניהול מלאי, טיפול בהתראות והפנייה לגורם המתאים תיאום הטיפול עם גורמים מקצועיים רלוונטיים מחוץ למרפאה (בית חולים או קהילה), כולל העברה ליחידה אחרת, דגימות למעבדה, בדיקות אחרות והדרכת החולה ובני משפחתו התעדכנות בידע, מיומנות וחידושים טכנולוגיים והעשרה מקצועית באמצעות: ספרות מקצועית, ימי עיון, השתלמויות, כנסים, מחקרים ועוד ביסוס הטיפול על ידע עדכני וחידושים טכנולוגיים דרישות התפקיד: השכלה באֲחָיוּת - בוגרי/ות בי""ס לאֲחָיוּת קורס על בסיסי ברפואה ראשונית ו\או סוכרת רצוי תואר ראשון באֲחָיוּת או בניהול מערכות בריאות רישוי עבודה כאח/ות מוסמך/ת (תעודת רישום) ידיעת השפה העברית, ידיעת אנגלית (כדי קריאת ספרות מקצועית) יחסי אנוש תקינים יכולות הדרכה עמידה בלחצים יכולת עבודה ושיתוף פעולה בצוות *תינתן עדיפות למועמדים/ות עם מוגבלויות"
דובר/ת,הנהלה ראשית,תל אביב,2026-03-19,https://jobs.clalitapps.co.il/clalit/redmatch-apply/redmatch.apply.html?compPositionID=49101,מנהל ומטה,,"להנהלה הראשית דרש/ה דובר/ת - תקשורת ישראל במערך הדוברות תיאור התפקיד : תכלול וייזום פעילות התקשורת הישראלית של כללית בראייה אסטרטגית רחבה, תוך מיקוד במיצוב כארגון בריאות מוביל בזירה הישראלית ובהלימה לאסטרטגיה התקשורתית יזום וקידום חשיפה תקשורתית גבוהה לעשייה ארגונית כמו מגמות ושירותים לציבור בתכלול חוצה חטיבות זיהוי ויצור הזדמנויות לחשיפה חיובית וליווי המהלך התקשורתי מקצה לקצה דברור תחומי מיקוד ארגוניים למסרים תקשורתיים ציבוריים זיהוי מורכבויות תקשורתיות וטיפול במשברים תקשורתיים ניהול קשרי עבודה שוטפים ואינטנסיביים עם עיתונאים, עורכים ומובילי דעת קהל בזירה הארצית תכלול וריכוז הודעות ומסרים בעתות חירום ואירועים ציבוריים רגישים ליווי והפקת תכנים תקשורתיים ותדמיתיים התומכים ביעדי שיווק ופיתוח עסקי מתן הכוונה וליווי תקשורתי מקצועי לדוברים ולצוותים רפואיים במוסדות; הכנה, תדרוך והובלת מוכנות לראיונות ולהופעות בתקשורת הישראלית בתיאום עם הגורמים הרלוונטיים עבודה שוטפת עם צוותי דוברות בכל מוסדות כללית דרישות התפקיד : השכלה אקדמית (תואר ראשון) בתחום רלבנטי לעיסוק: תקשורת, מדעי החברה, מינהל עסקים, שיווק. ניסיון מוכח של 3 שנים ומעלה בדוברות, עבודה עם תקשורת ורשתות חברתיות. ניסיון ביחסי ציבור בארגון גדול, קונצרן או גוף רב מערכתי ניסיון בניהול משברים רחבי היקף שליטה מלאה בכלל פלטפורמות התקשורת (360°) ויכולת התאמת מסרים אסטרטגיים לזירות ולקהלי יעד שונים הבנה מעמיקה של השיח הציבורי בזירה ציבורית/רגולטורית יכולת גבוהה לעיבוד וניתוח מידע ממקורות רבים למסרים מדויקים תקשורתית ניסיון בניסוח, כתיבה ועריכה של הודעות לעיתונות ותגובות ברמה גבוהה יכולת תעדוף ועבודה אפקטיבית בסביבה מרובת משימות ובתנאי לחץ שליטה מלאה בעברית ברמת ניסוח גבוהה מאוד, שפות נוספות - יתרון היכרות עם מערכת הבריאות - יתרון יכולת תיאום ותכלול עבודה מול גורמים מקצועיים מרובים בארגון זמינות גבוהה, אחריות אישית, דיסקרטיות ויחסי אנוש טובים נכונות לעבודה בשעות לא שגרתיות בעת אירועים או משברים *תינתן עדיפות למועמדים/ות עם מוגבלויות"
משרת בדיקת גרסה,כללית,ישראל,2026-03-18,https://jobs.clalitapps.co.il/clalit/redmatch-apply/redmatch.apply.html?compPositionID=49138,אחים ואחיות,,"כפיפות למנהל/ת האֲחָיוּת ביחידה להמשך טיפול ומעקב תיאור התפקיד: שותפות בצוות היחידה בהכנת תכנית עבודה שנתית, תוך קביעת יעדים מדידים, מעקב בקרה וסיכום מתן מענה מקצועי לבעיות, טיפול בחריגים השתתפות בישיבות צוות שותפות בהפעלה אפקטיבית של הצוות הרב מקצועי למעקב אחר יישום תכניות טיפול לחולים שבאחריות היחידה יישם והטמעת נהלים והנחיות מקצועיות ביחידה, בהתאם למדיניות המחוז, הארגון ומשרד הבריאות מהווה משאב מקצועי, הנחייה וייעוץ לצוות מרפאות ראשוניות בנושאים של טיפול ביתי ומצבי חולי מורכבים ניהול קשרים וממשקים עם צוותי המרפאות הראשוניות ומחלקות בתי חולים, אחריות להטמעה וליישום של טכנולוגיות טיפול מתקדמות ע""י צוות האֲחָיוּת בטיפול ביתי אחריות לשמירה על רצף טיפול בי""ח-קהילה, לתיאום הספקת מידע ושירותים נדרשים יוזמה לשיפורים וחידושים בפעילות הסיעוד ביחידה (בשיתוף הממונים) לרבות הפעלה של פרויקטים, אחריות לתיעוד ודיווח של מידע סיעודי ומנהלי למנהלי האֲחָיוּת, ביצוע טיפול סיעודי בחולים שבאחריות היחידה דרישות התפקיד : השכלה בסיעוד - בוגר/ת בית ספר לסיעוד, רצוי תואר שני מוכר לסיעוד: תואר באֲחָיוּת או בניהול מערכות בריאות. רצוי קורס על בסיסי רלבנטי ליחידה (גריאטריה, אונקולוגיה, רפואה ראשונית) רישוי עבודה כאח/ות מוסמכ/ת (תעודת רישום) ניסיון קודם של 5 שנים במקצוע ולפחות שנה בקהילה ידע עדכני נרחב בתחום המקצועי ידיעת החוקים והתקנות הרלבנטיים לקהילה ידיעת השפה העברית על בורייה, שליטה בשפה האנגלית (כדי קריאת ספרות מקצועית) יחסי אנוש תקינים יכולת הדרכה והנחיה *תינתן עדיפות למועמדים/ות עם מוגבלויות"
מזכיר/ה רפואי/ת,מרכז שניידר לרפואת ילדים בישראל,פתח תקווה,2026-03-16,https://jobs.clalitapps.co.il/clalit/redmatch-apply/redmatch.apply.html?compPositionID=49060,מנהל ומטה,,"למרכז הרפואי שניידר דרוש/ה מזכיר/ה רפואי/ת למרפאות חוץ בתי חולים - החלפה לחל""ד תיאור התפקיד: מתן שירות פרונטלי וטלפוני למטופלים בנושאים אדמיניסטרטיביים טיפול כולל בנושא תורים למרפאה הכנת תיקי מטופלים המוזמנים למרפאה קבלה אדמיניסטרטיבית של מטופלים המגיעים למרפאה והפנייתם לגורמי הטיפול השונים סיוע למטופל בהשגת מסמכים נחוצים תיעוד ודיווח על פעולות שבוצעו במרפאה במערכות ממוחשבות תקשורת שוטפת עם מטופלים ועם יחידות בתוך בית החולים ביצוע משימות משרדיות בהתאם לצורך ולהנחיות דרישות התפקיד: תעודת בגרות מלאה - חובה תעודת מזכירות רפואית - חובה שליטה מלאה בשפה העברית ידיעה של שפה נוספות - יתרון שליטה במחשב ובתוכנות Office תודעת שירות גבוהה תקשורת בין אישית טובה ויכולת עבודה בצוות יכולת ביטוי טובה בעל פה ובכתב *תינתן עדיפות למועמדים/ות עם מוגבלויות"
פקיד/ת מרפאה גבעת זאב,מחוז ירושלים,גבעת זאב,2026-03-16,https://jobs.clalitapps.co.il/clalit/redmatch-apply/redmatch.apply.html?compPositionID=49129,מנהל ומטה,,"דרוש/ה פקיד/ה למרפאה בגבעת זאב משרה חלקית: 20 שעות בשבוע, 5 ימים בשבוע, אחד מהם כולל משמרת ערב, כולל פיצול - השאר משמרות בוקר תיאור התפקיד: מתן שירות פרונטלי וטלפוני ללקוחות המרפאה בנושאים אדמיניסטרטיביים קביעת תורים לרפואה ראשונית ויועצת והכוונת הלקוחות לשירותים הרפואיים המתאימים מתן מידע על זכויות המגיעות ללקוחות בהתאם לסל השירותים טיפול בנושאי גבייה והחזרים כספיים ללקוחות המרפאה מתן שירות אדמיניסטרטיבי לגורמים במרפאה: רופאים, אחיות, רוקחים, ובעלי מקצוע נוספים מועמדים מתאימים יעברו תהליך מיון הכולל ראיונות, מבחנים ממוחשבים ומרכז הערכה דרישות התפקיד: תעודת בגרות מלאה (או מבחני חוץ או תאווג'יהי) - חובה ניסיון בתפקידי שירות ומכירה - יתרון תודעת שירות גבוהה יחסי אנוש טובים, שיתוף פעולה בצוות יכולת עבודה בסביבה ממוחשבת ובתנאי לחץ ועומס *תינתן עדיפות למועמדים/ות עם מוגבלויות"
פקיד/ת מרפאה,מחוז תל אביב יפו,חולון ובת ים,2026-03-15,https://jobs.clalitapps.co.il/clalit/redmatch-apply/redmatch.apply.html?compPositionID=48789,מנהל ומטה,,"הצטרפו לארגון הבריאות המוביל בישראל. דרושים/ות פקידי/ות מרפאה למרפאות בחולון ובת-ים תנאים מעולים! 50% משרה 4 ימים בשבוע 8:00-12:00/13:00 יום אחד בשבוע 15:00-19:00 ימי ו' - בין פעם לפעמיים בחודש בין השעות 8:00-12:00 תיאור התפקיד: מתן שירות פרונטלי וטלפוני ללקוחות המרפאה בנושאים אדמיניסטרטיביים קביעת תורים לרפואה ראשונית ויועצת, והכוונת הלקוחות לשירותים הרפואיים המתאימים מתן מידע על זכויות המגיעות ללקוחות, בהתאם לסל השירותים טיפול בנושאי גבייה והחזרים כספיים ללקוחות המרפאה טיפול בקליטת לקוחות חדשים במרפאה מתן שירות אדמיניסטרטיבי לגורמים בתוך המרפאה: רופאים, אחיות, רוקחים, ובעלי מקצוע נוספים שותפות בהשגה ובמימוש יעדי המרפאה בתחומי השירות, האיכות הרפואית, גיוס לקוחות, שיווק שירותים ועוד דרישות התפקיד: תעודת בגרות מלאה - יתרון תואר ראשון במנהל מערכות בריאות - יתרון ניסיון בתפקידי שירות ומכירה תודעת שירות גבוהה יחסי אנוש טובים, שיתוף פעולה בצוות יכולת עבודה בסביבה ממוחשבת יכולת עבודה בתנאי לחץ ועומס שליטה בשפה העברית שליטה בשפה נוספת - יתרון כושר הבעה גבוה בכתב ובע""פ *תינתן עדיפות למועמדים/ות עם מוגבלויות"
אח/ות אונקולוגי/ת אזורי/ת,מחוז מרכז,"רמלוד, מודיעין, ראשל""צ, רחובות, יבנה, אשדוד, גן יבנה, ק.מלאכי",2026-03-12,https://jobs.clalitapps.co.il/clalit/redmatch-apply/redmatch.apply.html?compPositionID=49122,אחים ואחיות,,"ליחידה לטיפולי בית דרוש/ה אח/ות אונקולוגי/ת אזורי/ת (אזור השפלה) היקף מישרה 100% תיאור התפקיד: ריכוז הפעילות הטיפול במטופלים בכל שלבי המחלה מהווה משאב ידע מקצועי ומעשי לאחים ואחיות העובדים ביחידה לטיפולי בית איתור, זיהוי והערכת צורכי המטופל ומשפחתו מהווה case manager : בניית תוכניות טיפול מותאמות אישית למטופל בשיתוף צוותים רב מקצועיים וקיום בקרה אחר יישומן מתן מענה מיידי לצרכים דחופים של מטופלים ומשפחותיהם ביצוע תהליכי בקרה, מעקב והערכת תהליכי טיפול לשביעות רצון המטופל ומשפחתו קידום מדדי האיכות הרפואיים אשר במסגרת האחריות גיבוש, יישום תוכניות העבודה בתחום ותיכלול עשיית האחיות ביחידה ממונה על תחום הציטוטוקסיקה במחוז: ווידוא כשירות העובדים הרלוונטיים והדרכת עובדים חדשים בתחום בניית תהליכי חניכה לצוותים ולסטודנטים קיום ישיבות צוות וקידום תהליכי למידה מקצועיים דרישות התפקיד : אח/ות מוסמכ/ת המוכר/ת ע""י משרד הבריאות תואר ראשון בסיעוד ו/או בניהול מערכות בריאות + קורס על בסיסי רלוונטי (אונקולוגיה) או מומחית בפליאציה ניסיון של שנתיים לפחות בתחום הרלוונטי כושר ניהול, יכולות הבעה בכתב ובע""פ, יחסי אנוש מצוינים, יכולת הנחיה והדרכה, יכולת הנעת צוות, כושר תכנון וארגון *תינתן עדיפות למועמדים/ות עם מוגבלויות"
רכז/ת בתחום השירות במרפאות החברה הערבית,מחוז דרום,"רהט, לקיה, חורה, תל שבע, ערוער, שגב שלום, כסיפה וישובים נוספים בחברה הבדואית",2026-03-11,https://jobs.clalitapps.co.il/clalit/redmatch-apply/redmatch.apply.html?compPositionID=49117,מנהל ומטה,,"רוצה להשתלב בארגון גדול ומוביל תהליכי שירות וחוויית מטופל במרפאות בקהילה? במחוז דרום דרוש/ה רכז/ת תחום שירות לחברה הערבית זו ההזדמנות שלך להצטרף לתפקיד דינמי, מגוון ובעל השפעה רחבה תיאור התפקיד: ליווי והובלת תהליכי שיפור שירות במרפאות הקהילה ביצוע אבחונים ארגוניים: תצפיות, ראיונות, סקרים וניתוח נתונים בניית תוכניות עבודה ויישומן בליווי מקצועי הכשרה והנחיית צוותים בתחומי שירות וחוויית מטופל ניטור ובקרה שוטפת של שביעות רצון המטופלים עבודה שוטפת מול מנהלים, צוותים וגורמים מחוזיים וארציים מדובר בתפקיד שטח, עם אחריות והזדמנות להתנסות משמעותית בעולמות הייעוץ, הפיתוח הארגוני והשירות. הזדמנות מצוינת לתפקיד ראשון בעולם הייעוץ והשירות ליווי והכוונה מקצועית צמודה חשיפה לעבודה עם מנהלים וצוותים רב-מקצועיים סביבת עבודה יציבה ומובילה במערכת הבריאות רכב צמוד במסגרת התפקיד השתתפות בהכשרות מקצועיות מחוזיות וארציות דרישות התפקיד : תואר ראשון במינהל עסקים/מדעי החברה/תקשורת/שיווק/ניהול מערכות בריאות תואר ראשון ושני בייעוץ ארגוני - יתרון ניסיון של שנתיים בעולמות השירות - חובה ניסיון של שנתיים בהנחיה, הדרכה, ייעוץ או הובלת תהליכי שינוי - חובה כושר ביטוי גבוה בכתב ובעל פה בעברית ובערבית - חובה תקשורת בין-אישית מצוינת יוזמה, עצמאות ויכולת הנעת תהליכים מחויבות ללמידה והתפתחות מקצועית רישיון נהיגה בתוקף ונכונות לנסיעות מרובות *תינתן עדיפות למועמדים/ות עם מוגבלויות"
עובד/ת סוציאלי/ת,מרכז רפואי אוניברסיטאי סורוקה,באר שבע,2026-03-11,https://jobs.clalitapps.co.il/clalit/redmatch-apply/redmatch.apply.html?compPositionID=49112,עבודה סוציאלית,,"תיאור התפקיד: מתן טיפול סוציאלי פרטני, משפחתי או קבוצתי למטופלים ו/או משפחותיהם הזקוקים לסיוע בתחום האישי, החברתי, הכלכלי והנפשי כתוצאה ממחלה ייזום או קבלת הפניות ממקורות שונים כגון צוות רפואי, מוסדות רפואיים, קהילה ואחרים, לגבי הנזקקים לטיפול בנושאים הקשורים בחולי ובריאות קשר עם גורמים קהילתיים לצורך סיוע והנגשת זכויות למטופל הוצאה לפועל של תוכנית הטיפול שהותוותה תוך תיאום עם הגורמים הרלוונטים וקיום קשר שוטף עם הצוות הרב מקצועי במחלקה, ביחידה ובבית החולים/קהילה מעקב אחר ביצוע תוכנית הטיפול אפשרות להשתתפות בין-מקצועית בייזום ובעריכת מחקרים בתחום הביו-פסיכו-סוציאלי דרישות התפקיד : תואר ראשון בעבודה סוציאלית תואר שני - יתרון רישיון עיסוק בעבודה סוציאלית תעודת מומחיות בתחום הבריאות או בריאות הנפש - יתרון ניסיון קודם בעבודה סוציאלית במערכת הבריאות - יתרון שליטה מלאה בשפה העברית שליטה בשפה האנגלית כדי קריאת ספרות מקצועית יכולת עבודה בצוות *תינתן עדיפות למועמדים/ות עם מוגבלויות"
רופא/ה מומחה/ית בטיפול נמרץ כללי Critical care medicine specialist,מרכז רפואי העמק,עפולה,2026-03-10,https://jobs.clalitapps.co.il/clalit/redmatch-apply/redmatch.apply.html?compPositionID=47206,רפואה,,"תיאור התפקיד: ביצוע אבחונים, גיבוש תוכניות טיפול וטיפולים בחולים במחלקה (ו/או במרפאה) במסגרת תחום המומחיות הנחייה, הדרכה ובקרה על פעילות המתמחים, הסטאז'רים והאחיות במסגרת המחלקה וייעוץ מקצועי בתחום המומחיות אחריות מקצועית במחלקה על צוות רופאים זוטרים/מתמחים ו/או על קבוצה של חולים/מטופלים במחלקה/מכון/יחידה (הרלוונטיים לתחום) השתתפות בישיבות ודיונים בנושאים מקצועיים או למקרים פרטניים השתתפות בוועדות שונות בבית החולים העברת מידע רפואי בכתב או בעל פה בהתאם לדרישות ולנהלים אחריות על נושא או תחום מקצועי במסגרת המחלקה/מכון ויחידה קשרי עבודה עם גורמים שונים בבית החולים (קשרי ייעוץ והיוועצות) ועם גורמים חיצוניים (אקדמיה, גורמי טיפול בקהילה ועוד) ביצוע פעילות אקדמית של הדרכה ומחקר במסגרת מוסד אקדמי טיפול בשחרור חולים שאושפזו במחלקה השתלבות במערך התורנויות והכוננויות במוסד ובמחלקה בהתאם לתכניות, הסכמים וצרכים קיום פגישות עם מטופלים ובני משפחותיהם לאיסוף ומתן מידע בהתאם לחוק זכויות החולה התעדכנות מקצועית באופן שוטף באמצעות ספרות מקצועית, אינטרנט, כנסים, השתלמויות ועוד ביצוע מטלות נוספות בתחום המקצועי לפי הוראות הממונה דרישות התפקיד: תואר MD ברפואה רישיון ישראלי לעסוק ברפואה תעודת מומחה מוכרת בתחום ידע מקצועי נרחב ועדכני בתחום הפעילות המקצועית (המומחיות) הכרת החוקים, התקנות והנהלים הרלוונטיים ידע בהפעלת מערכות מחשב רלוונטיות ידיעה טובה של השפה העברית ידיעה טובה של השפה האנגלית (כדי קריאת ספרות מקצועית לפחות) דיבור בשפות נוספות - יתרון הקפדה על פרטים ודיוק מקצוענות אבחנתית וטיפולית תקשורת בין אישית טובה ושיתוף פעולה בצוות סבלנות ואמפתיה לזולת אסרטיביות מקצועית יכולת ביצוע פעולות אבחנתיות וטיפוליות בתחום הרלוונטי *תינתן עדיפות למועמדים/ות עם מוגבלויות"
"רופא/ה מומחה/ית באלקטרופיזיולוגיה A senior physician, an expert in Electrophysiology",מרכז רפואי העמק,עפולה,2026-03-10,https://jobs.clalitapps.co.il/clalit/redmatch-apply/redmatch.apply.html?compPositionID=47207,רפואה,,"דרוש/ה רופא/ה מומחה/ית באלקטרופיזיולוגיה ליחידת EP גדולה עם הקף פעילות גבוה המבצעת פעולות מתקדמות בתחום תיאור התפקיד : ביצוע אבחונים, גיבוש תכניות טיפול, ומתן טיפולים למטופלים במחלקה ו/או במרפאה במסגרת תחום המומחיות הנחייה והדרכה של המתמחים והאחיות במסגרת היחידה, בקרה על פעילותם, וייעוץ מקצועי בתחום המומחיות אחריות מקצועית לטיפול בקבוצה של מטופלים במחלקה או במרפאה תיתכן אחריות על נושא או תחום מקצועי במסגרת המחלקה השתתפות בישיבות ובדיונים בנושאים מקצועיים או בנוגע למטופלים פרטניים. קשרי עבודה עם גורמים שונים בבית החולים ועם גורמי חוץ כגון אקדמיה, גורמי טיפול בקהילה ועוד קשרים עם מטופלים ובני משפחה לאיסוף ומתן של מידע רפואי טיפול בשחרור מטופלים שאושפזו במחלקה ביצוע פעילות אקדמית של הדרכה ומחקר במסגרת בית החולים בהיותו גם מוסד אקדמי תעדכנות מקצועית שוטפת באמצעות ספרות מקצועית, אינטרנט, כנסים, השתלמויות ועוד השתלבות במערך התורנויות והכוננויות במחלקה ובבית החולים, בהתאם לתוכניות, הסכמים וצרכים עבודה בכפוף לחוקים ולתקנות ובהתאם לנהלים ו/או הנחיות עבודה של משרד הבריאות, הנהלת הכללית והנהלת בית החולים והמחלקה דרישות התפקיד : השכלה אקדמית - תואר M.D. ברפואה רישיון ישראלי לעסוק ברפואה תעודת מומחה מוכרת בפנימית וקרדיולוגיה רצוי נסיון בעבודה כרופא/ה בכיר/ה של 1-2 שנים ביחידות אלקטרופיזיולוגיה עדיפות לבוגרי/ות השתלמות עמיתים באלקטרופיזיולוגיה ידע מקצועי נרחב ועדכני בתחום האלקטרופיזיולוגיה : השתלת קוצבים וביצוע אבלציות מכל הסוגים. עדיפות לבעלי/ות ניסיון הכרת החוקים, התקנות והנהלים הרלוונטיים ידע בהפעלת מערכות מחשב רלוונטיות תקשורת בין אישית טובה ושיתוף פעולה בצוות יכולת טכנית טובה בחדר פעולות. *תינתן עדיפות למועמדים/ות עם מוגבלויות"
מנהל/ת יחידה למניעת זיהומים - DIRECTOR OF INFECTION CONTROL UNIT,מרכז רפואי העמק,עפולה,2026-03-10,https://jobs.clalitapps.co.il/clalit/redmatch-apply/redmatch.apply.html?compPositionID=47208,רפואה,,"תיאור התפקיד: אחריות מקצועית בכל הנוגע לתחום מניעת זיהומים הכוללת: הערכת סיכונים והגדרת מוקדים אשר עלולים לסכן מטופלים ברכישה של מחוללים מסוכנים. ביצוע סיקורים רוחביים על מנת לזהות מוקדים לסיכון העברת זיהומים צולבים. זיהוי מוקדם של מצבים העלולים להתפתח להתפרצות/הדבקה של מטופלים במחוללים מסוכנים/עמידים במיוחד ובניית תכנית למניעה. כתיבת הנחיות ונהלים בהתאם להתפרצויות או מצבים אשר מסכנים או עלולים לסכן מטופלים ברכישת זיהום בבי""ח. השתתפות בוועדות: מניעת זיהומים, בינוי ושיפוץ. דיווח ליחידה הארצית למניעת זיהומים על פי דרישות מודל תמרוץ. הצגת נתונים באופן עתי למחלקות ולהנהלה בשיתוף פעולה עם מרכזת תחום מניעת זיהומים. עבודה מול צוות רפואי לקידום התנהגות על פי נהלי מניעת זיהומים. עבודה בכפוף לחוקים ולתקנות ובהתאם לנהלים ו/או הנחיות עבודה של משרד הבריאות, הנהלת הכללית והנהלת בית החולים . התפקיד מחייב שיתוף פעולה הדוק עם אחות מרכזת מניעת זיהומים. דרישות התפקיד : השכלה אקדמית - תואר M.D. ברפואה רישיון ישראלי לעסוק ברפואה. תעודת מומחה מוכרת ברפואה פנימית, ילדים או רפואת משפחה. תעודת מומחה מוכרת במחלות זיהומיות. ידע מקצועי וניסיון עדכני בתחום מניעת זיהומים. הכרת נהלי משרד הבריאות ושרותי בריאות כללית, התקנות והנהלים הרלוונטיים. תקשורת בין אישית טובה ושיתוף פעולה בצוות. יכולת להעביר מידע רפואי והנחיות בכתב ובעל פה במהירות, בבהירות וביעילות. יכולת ניהול צוות עובדים כולל רופאים, צוות סיעודי ופרארפואי. יכולת הובלת תהליכים רוחביים. יכולת לעבוד תחת לחץ, לקבל החלטות ולהציע פתרונות בזמן אמת. יכולת עבודה עם ממשקים: משרד הבריאות, מרכז שרותי בריאות כללית, היחידה הארצית למניעת זיהומים, מעבדות. התעדכנות מקצועית שוטפת, באמצעות ספרות מקצועית, אינטרנט, כנסים, השתלמויות ועוד. *תינתן עדיפות למועמדים/ות עם מוגבלויות"
רופא/ה מומחה/ית למכון פתולוגיה אבחנתית - Pathologist specialist,מרכז רפואי העמק,עפולה,2026-03-10,https://jobs.clalitapps.co.il/clalit/redmatch-apply/redmatch.apply.html?compPositionID=47209,רפואה,,"תיאור התפקיד: אבחון היסטופתולוגי של ביופסיות בתחומים שונים השתתפות בישיבות בין מחלקתיות ובישיבות tumor boards ביצוע פעילות אקדמית של הדרכה ומחקר במסגרת בית החולים ומוסדות אקדמיים על פי הצורך התעדכנות מקצועית שוטפת, באמצעות ספרות מקצועית, מקורות מידע מקוונים, כנסים, השתלמויות ועוד דרישות התפקיד: תואר MD ברפואה רישיון ישראלי לעסוק ברפואה תעודת מומחה/ית באנטומיה פתולוגית ידע מקצועי עדכני הכרת הנהלים והתקנות הרלוונטיים שליטה בשפה העברית, ושליטה באנגלית לפחות כדי קריאת ספרות מקצועית יכולת ניתוח ואינטגרציה תקשורת בין אישית טובה ושיתוף פעולה עם הצוות *תינתן עדיפות למועמדים/ות עם מוגבלויות"
רופא/ה מומחה/ית בכירורגית ילדים -Attending pediatric surgeon,מרכז רפואי העמק,עפולה,2026-03-10,https://jobs.clalitapps.co.il/clalit/redmatch-apply/redmatch.apply.html?compPositionID=47229,רפואה,,"למרכז הרפואי העמק של הכללית דרוש/ה רופא/ה מומחה/ית בכירורגית ילדים The department of pediatric surgery at Ha'emek medical center is looking for an attending pediatric surgeon to join our unit תיאור התפקיד : ביצוע אבחונים, גיבוש תוכניות טיפול ומתן טיפולים למטופלים במחלקה ו/או במרפאה במסגרת תחום המומחיות הנחייה והדרכת מתמחים, סטאז'רים ואחיות במסגרת המחלקה, בקרה על פעילותם וייעוץ מקצועי בתחום המומחיות אחריות מקצועית על צוות רופאים זוטרים או מתמחים במחלקה או במרפאה אחריות מקצועית על הטיפול בקבוצה של מטופלים במחלקה או במרפאה תיתכן אחריות על נושא או תחום מקצועי במסגרת המחלקה השתתפות בישיבות ובדיונים בנושאים מקצועיים או בנוגע למטופלים פרטניים השתתפות בוועדות שונות בבית החולים קשרי עבודה עם גורמים שונים בבית החולים ועם גורמי חוץ כגון אקדמיה, גורמי טיפול בקהילה ועוד קשרים עם מטופלים ובני משפחה לאיסוף ומתן של מידע רפואי טיפול בשחרור מטופלים שאושפזו במחלקה ביצוע פעילות אקדמית של הדרכה ומחקר במסגרת בית החולים בהיותו גם מוסד אקדמי התעדכנות מקצועית שוטפת באמצעות ספרות מקצועית, אינטרנט, כנסים, השתלמויות ועוד השתלבות במערך התורנויות והכוננויות במחלקה ובבית החולים, בהתאם לתוכניות, הסכמים וצרכים. ביצוע פעולות באופן עצמאי אחריות לפיקוח והכשרת מתמחים בחדר הניתוח ומחוצה לו עבודה בכפוף לחוקים ולתקנות ובהתאם לנהלים ו/או הנחיות עבודה של משרד הבריאות, הנהלת הכללית והנהלת בית החולים והמחלקה דרישות התפקיד : השכלה אקדמית - תואר M.D. ברפואה רישיון ישראלי לעסוק ברפואה תעודת מומחה מוכרת ידע מקצועי נרחב ועדכני בתחום הפעילות המקצועית (המומחיות) הכרת החוקים, התקנות והנהלים הרלוונטיים ידע בהפעלת מערכות מחשב רלוונטיות תקשורת בין אישית טובה ושיתוף פעולה בצוות יכולת טכנית (בהתמחויות מסוימות) * תינתן עדיפות למועמדים/ות עם מוגבלויות"
רופא/ה מומחה/ית בגניקולוגיה Fellowship in Reproductive Medicine,מרכז רפואי העמק,עפולה,2026-03-10,https://jobs.clalitapps.co.il/clalit/redmatch-apply/redmatch.apply.html?compPositionID=48110,רפואה,,"למרכז רפואי העמק דרוש/ה רופא/ה מומחה/ית בגניקולוגיה להשתלמות עמיתים ברפואת פריון Fellowship in Reproductive Medicine תיאור התפקיד : ביצוע אבחונים, גיבוש תוכניות טיפול ומתן טיפולים למטופלים במחלקה ו/או במרפאה במסגרת תחום המומחיות הנחייה והדרכה של מתמחים, סטאז'רים ואחיות במסגרת המחלקה, בקרה על פעילותם, וייעוץ מקצועי בתחום המומחיות הכירורגית אחריות מקצועית במחלקה על צוות רופאים זוטרים/מתמחים ו/או על קבוצה של חולים/מטופלים במחלקה/מכון/יחידה (הרלוונטיים לתחום) השתתפות בישיבות ובדיונים בנושאים מקצועיים או בנוגע למקרים פרטניים השתתפות בוועדות שונות בבית החולים העברת מידע רפואי בכתב או בעל פה בהתאם לדרישות ולנהלים אחריות על נושא או תחום מקצועי במסגרת המחלקה/מכון ויחידה קשרי עבודה עם גורמים שונים בבית החולים (קשרי ייעוץ והיוועצות) ועם גורמים חיצוניים (אקדמיה, גורמי טיפול בקהילה ועוד) טיפול בשחרור מטופלים שאושפזו במחלקה ביצוע פעילות אקדמית של הדרכה ומחקר במסגרת בית החולים בהיותו גם מוסד אקדמי השתלבות במערך התורנויות והכוננויות במחלקה ובבית החולים, בהתאם לתוכניות, הסכמים וצרכים פגישות עם מטופלים ובני משפחה לאיסוף ומתן של מידע בהתאם לחוק זכויות החולה התעדכנות מקצועית שוטפת, באמצעות ספרות מקצועית, אינטרנט, כנסים, השתלמויות ועוד עבודה בכפוף לחוקים ולתקנות ובהתאם לנהלים ו/או הנחיות עבודה של משרד הבריאות, הנהלת הכללית והנהלת בית החולים והמחלקה ביצוע מטלות נוספות בתחום המקצועי לפי הוראות הממונה דרישות התפקיד : תואר M.D. ברפואה רישיון ישראלי לעסוק ברפואה תעודת מומחה מוכרת בתחום נכונות לעבור השתלמות עמיתים ברפואת הפריון במסגרת של משרה מלאה (שנה אחת) או חצי משרה (שנתיים) ידע מקצועי נרחב ועדכני בתחום הפעילות המקצועית (המומחיות) הכרת החוקים, התקנות והנהלים הרלוונטיים ידע בהפעלת מערכות מחשב רלוונטיות תקשורת בין אישית טובה ושיתוף פעולה בצוות ידיעה טובה של השפה העברית ידיעה טובה של השפה האנגלית (כדי קריאת ספרות מקצועית לפחות) רצויה ידיעה של שפות נוספות (דיבור) הקפדה על פרטים ודיוק מקצוענות אבחנתית וביצועית סבלנות ואמפתיה לזולת אסרטיביות מקצועית יכולת הוראה והנחיה של מתמחים בביצוע ניתוחים ופעולות בתחום הרלוונטי *תינתן עדיפות למועמדים/ות עם מוגבלויות"
רכז/ת תחבורה,מרכז רפואי אוניברסיטאי סורוקה,באר שבע,2026-03-05,https://jobs.clalitapps.co.il/clalit/redmatch-apply/redmatch.apply.html?compPositionID=49100,אחזקה ולוגיסטיקה,,"תיאור התפקיד: ניהול צוות העובדים ביחידה בתיאום עם הממונה מתן שירות ומענה למחזיקי הרכב במוסד ניהול תיקי רכבים ואחריות על כשירותם (תוכנת נצר) ניהול תיקי נהגים ואחריות על כשירותם מעקב אחר טיפולים, תיקונים ותחזוקת רכבים הובלת תהליכי בטיחות בתעבורה ניהול תקן בטיחות ISO 9301 השתתפות בוועדות בטיחות ניהול הזמנת/החזרת רכבי ליסינג של בעלי תפקיד מול חברת הליסינג קיום סקרי מפגעים בתעבורה בתחום בית החולים קביעה והסדרת סדרי בטיחות התנועה בשטח ביה""ח חקירת תאונות, הסקת מסקנות למניעתן בעתיד, וביצוע פעולות ליישום מסקנות אלו קיום הדרכות רגולטוריות בתחום הנהיגה דרישות התפקיד: השכלה תיכונית (תעודת בגרות) לימודי תעודה בניהול תחבורה (צי רכב) תעודת מכונאות רכב - יתרון בעל/ת רישיון נהיגה ניסיון של שלוש שנים ומעלה בתחום המקצועי ידע של התקנות והנהלים בתחום האחריות ידע ביישומי מחשב. תוכנת נצר - יתרון זמינות מעבר לשעות העבודה ידיעת השפה העברית על בוריה רצויה ידיעה של השפה האנגלית כדי קריאת ספרות מקצועית תודעת שירות גבוהה כושר ניהול וארגון יכולת הבעה בעל פה יחסי אנוש טובים יכולת ניהול משא ומתן *תינתן עדיפות למועמדים/ות עם מוגבלויות"
מזכיר/ת עמותה,מרכז רפואי מאיר,שרון,2026-03-05,https://jobs.clalitapps.co.il/clalit/redmatch-apply/redmatch.apply.html?compPositionID=48700,מנהל ומטה,,"למרכז רפואי מאיר דרוש/ה מזכיר/ה ל""עמותת ידידי בית החולים"" 100% משרה כפיפות: מנהל עמותת הידידים תיאור התפקיד: ניהול אדמיניסטרטיבי שוטף של המשרד הפקת אירועים עבודה מול תורמים וחברי העמותה הכנת ניירות שיווק, מכתבי תודה בעברית ובאנגלית הוצאת קבלות, עבודה מול הבנק, עבודה מול מנהל החשבונות החיצוני, מעקב כרטיסי אשראי, עבודה מול מנהלי תיקי ההשקעות, מעקב שעות והכנת משכורות ליצנים רפואיים, מעקב תקציב שנתי שוטף ודיווח לרשם העמותות עבודה מול המעצבת הגרפית ומול בתי הדפוס הכנת מצגות ריכוז ועדות העמותה והוצאת פרוטוקולים דרישות התפקיד: תואר ראשון. רצוי במדעי החברה/מנהל עסקים/ניהול מערכות בריאות ידיעת השפה העברית על בוריה ושליטה בשפה האנגלית- קריאה וכתיבה ברמה גבוהה ידע בהפעלת מחשב תוכנות OFFICE ידע בהפעלת מערכת ניהולית במחשב יחסי אנוש מצויינים אמינות, נאמנות ויושר אישי אחריות אישית ויכולת עבודה עצמאית בתחומים שיוגדרו הבנה בסיסית בהנהלת חשבונות - יתרון ניסיון בהפקת אירועים - יתרון זמינות גבוהה *תינתן עדיפות למועמדים/ות עם מוגבלויות"
מנהל/ת סיעוד,מחוז דן פתח תקווה,"בני ברק, רמת גן, אלעד, יהוד פתח תקווה",2026-03-05,https://jobs.clalitapps.co.il/clalit/redmatch-apply/redmatch.apply.html?compPositionID=46428,אחים ואחיות,,"תיאור התפקיד: אחריות לניהול כולל של תחום הסיעוד במרפאה מתן שירותי רפואת משפחה הכוללת עבודה בחדר טיפולים, מעקבים אחר חולים כרוניים וטיפול כוללני במטופלי המרפאה כחלק מהצוות המוביל מופקד/ת על שמירה ופיתוח של היבטים מקצועיים בשירותי הסיעוד במרפאה אחריות להדרכה ופיתוח מקצועיים של הסגל הסיעודי מפעיל/ה באופן שוטף את הצוות הסיעודי במרפאה שותפות בהנחיה ובהדרכה למטופלי המרפאה דרישות התפקיד: בוגר/ת בי""ס לסיעוד, רישוי עבודה כאח/ות מוסמכ/ת (תעודת רישום) תואר ראשון מוכר בסיעוד יתרון לתואר שני בסיעוד או בניהול מערכות בריאות עדיפות לבוגר/ת קורס על בסיסי ברפואה ראשונית ניסיון קודם של 5 שנים ומעלה בעשייה סיעודית בקהילה ידיעת השפה העברית על בוריה, ואנגלית כדי קריאת ספרות מקצועית כושר ניהול וארגון מיומנויות בין אישיות גבוהות *תינתן עדיפות למועמדים/ות עם מוגבלויות"
פקיד/ת מרפאה,מחוז שרון שומרון,"כפר סבא, רעננה",2026-03-01,https://jobs.clalitapps.co.il/clalit/redmatch-apply/redmatch.apply.html?compPositionID=49086,מנהל ומטה,,"הצטרפו לארגון הבריאות המוביל בישראל למרפאה ברעננה / כפר סבא דרוש/ה פקיד/ת מרפאה בחצי משרה 4 ימים בשבוע 8:00-12:00/13:00 יום אחד בשבוע 16:00-19:00 ימי ו' לסירוגין בין השעות 8:00-12:00 תנאים מעולים! תיאור התפקיד: מתן שירות פרונטלי וטלפוני ללקוחות המרפאה בנושאים אדמיניסטרטיביים קביעת תורים לרפואה ראשונית ויועצת והכוונת הלקוחות לשירותים הרפואיים המתאימים מתן מידע על זכויות המגיעות ללקוחות בהתאם לסל השירותים טיפול בנושאי גבייה והחזרים כספיים ללקוחות המרפאה טיפול בקליטת לקוחות חדשים במרפאה מתן שירות אדמיניסטרטיבי לגורמים בתוך המרפאה: רופאים, אחיות, רוקחים, ובעלי מקצוע נוספים שותפות בהשגה ובמימוש יעדי המרפאה בתחומי השירות, האיכות הרפואית, גיוס לקוחות, שיווק שירותים ועוד דרישות התפקיד: תעודת בגרות מלאה - חובה ניסיון בתפקידי שירות ומכירה - יתרון תודעת שירות גבוהה יחסי אנוש טובים, שיתוף פעולה בצוות יכולת עבודה בסביבה ממוחשבת יכולת עבודה בתנאי לחץ ועומס שליטה בשפה העברית, שליטה בשפה נוספת - יתרון כושר הבעה גבוה בכתב ובע""פ *תינתן עדיפות למועמדים/ות עם מוגבלויות"
פקיד/ת מרפאה,מחוז שרון שומרון,רמת השרון,2026-03-01,https://jobs.clalitapps.co.il/clalit/redmatch-apply/redmatch.apply.html?compPositionID=49085,מנהל ומטה,,"הצטרפו לארגון הבריאות המוביל בישראל למרפאת קדמה ברמת השרון דרוש/ה עובד/ת מינהל במשרה מלאה 3 פעמים בשבוע 8-16 פעמיים בשבוע 8-13 + 16.19 ויום שישי לסירוגין 8-12 תנאים מעולים! תיאור התפקיד: מתן שירות פרונטלי וטלפוני ללקוחות המרפאה בנושאים אדמיניסטרטיביים קביעת תורים לרפואה ראשונית ויועצת והכוונת הלקוחות לשירותים הרפואיים המתאימים מתן מידע על זכויות המגיעות ללקוחות בהתאם לסל השירותים טיפול בנושאי גבייה והחזרים כספיים ללקוחות המרפאה טיפול בקליטת לקוחות חדשים במרפאה מתן שירות אדמיניסטרטיבי לגורמים בתוך המרפאה: רופאים, אחיות, רוקחים, ובעלי מקצוע נוספים שותפות בהשגה ובמימוש יעדי המרפאה בתחומי השירות, האיכות הרפואית, גיוס לקוחות, שיווק שירותים ועוד דרישות התפקיד: תעודת בגרות מלאה - חובה ניסיון בתפקידי שירות ומכירה - יתרון תודעת שירות גבוהה יחסי אנוש טובים, שיתוף פעולה בצוות יכולת עבודה בסביבה ממוחשבת יכולת עבודה בתנאי לחץ ועומס שליטה בשפה העברית, שליטה בשפה נוספת - יתרון כושר הבעה גבוה בכתב ובע""פ *תינתן עדיפות למועמדים/ות עם מוגבלויות"
דימותן/ית רפואי/ת,מחוז שרון שומרון,הרצליה ונתניה,2026-02-24,https://jobs.clalitapps.co.il/clalit/redmatch-apply/redmatch.apply.html?compPositionID=48462,רפואה,,"דרוש/ה דימותן/ית רפואי/ת למכון רנטגן בהרצליה ובנתניה לעבודה עם גמישות תחושת משמעות ובסביבה נעימה ומקצועית תיאור התפקיד: ביצוע פעולות דימות שונות בהתאם לצרכים הרפואיים הכנת הנבדק והמכשור לביצוע הפרוצדורה בהתאם לצורך עיבוד נתוני הפרוצדורה במערכת הדיגיטלית והעברתם לארכיון PACS דיווח על ביצוע הבדיקה במערכת RIS ביצוע בדיקות שגרתיות למכשור, הבטחת תקינותו ופעילותו השוטפת, וטיפול בתקלות קשר עם מטופלים ובני משפחותיהם, מתן הסבר על הפרוצדורה השתתפות בכנסים מקצועיים ובימי עיון בתחום הדימות השתתפות בצוות רב מקצועי וייצוג התחום מול בעלי מקצוע אחרים דרישות התפקיד : תואר ראשון בדימות רפואית או סיום לימודי הסבה לדימותנות ממקום הכשרה מוכר לימודי רנטגנאות ודימות - במסגרת לימודי התואר הכרת השימוש במערכות מידע ממוחשבות שליטה מלאה בעברית, ושליטה באנגלית כדי קריאת חומר מקצועי ניסיון בתחומי מקצוע נוספים (כולל התנסות במסגרת לימודי התואר) - יתרון יחסי אנוש טובים יכולת עבודה בצוות גישה שירותית ואנושית למטופל *תינתן עדיפות למועמדים/ות עם מוגבלויות"
פסיכולוג/ית קליני/ת שיקומי/ת רפואי/ת,מרכז רפואי אוניברסיטאי סורוקה,באר שבע,2026-02-24,https://jobs.clalitapps.co.il/clalit/redmatch-apply/redmatch.apply.html?compPositionID=49071,פסיכולוגיה,,"למרכז הרפואי סורוקה דרוש/ה פסיכולוג/ית קליני/ת שיקומי/ת רפואי/ת להיקף משרה של חצי משרה עד משרה מלאה תיאור התפקיד: עבודה מעניינת, מאתגרת ומשמעותית בצוות רב-מקצועי מקסים ותומך למידה והתפתחות מקצועית בתחום הפרעות האכילה בפרט ופסיכיאטריה בכלל שכר על פי הסכמי השכר החדשים של הפסיכולוגים בשרות הציבורי דרישות התפקיד: מומחיות או לקראת סיום התמחות בפסיכולוגיה קלינית/רפואית/שיקומית מוכנות לטפל בגישות CBT ו-DBT ניסיון בעבודה עם ילדים ונוער - יתרון אך לא הכרחי ניסיון בתחום הפרעות אכילה - יתרון משמעותי אך לא הכרחי *תינתן עדיפות למועמדים/ות עם מוגבלויות"
עוזר/ת דימותן,מרכז רפואי אוניברסיטאי סורוקה,באר שבע,2026-02-24,https://jobs.clalitapps.co.il/clalit/redmatch-apply/redmatch.apply.html?compPositionID=49070,רנטגן ודימות רפואית,,"למרכז הרפואי סורוקה דרוש/ה עוזר/ת דימותן תיאור התפקיד: סיוע לצוות הדימותנים במשימות השוטפות לפי הנחיות הממונה סיוע בהכנת הנבדק והמכשור לביצוע הצילום בהתאם לסוגו ביצוע תפקידים נוספים, בתחום המקצועי, לפי הוראות הממונה עבודה פי נהלים ופרוטוקולים עבודה במשמרות 24/7 דרישות התפקיד: 12 שנות לימוד ניסיון בעבודה מול מטופלים - יתרון נכונות לעבודה במשמרות 24/7 - חובה יכולת הכלה, אמפתיה והקשבה יכולת עבודה תחת לחץ ועומסים שירותיות ויחסי אנוש מעולים *תינתן עדיפות למועמדים/ות עם מוגבלויות"
עובד/ת מעבדה מטבולית,מרכז שניידר לרפואת ילדים בישראל,גוש דן,2026-02-24,https://jobs.clalitapps.co.il/clalit/redmatch-apply/redmatch.apply.html?compPositionID=49063,מעבדות רפואיות,,"למרכז שניידר לרפואת ילדים דרוש/ה עובד/ת מעבד/ה למעבדה המטבולית המעבדה המטבולית בשניידר הינה מעבדה ייחודית ונישתית אשר משלבת ידע קליני, מעבדתי ומחקרי קיים שיתוף פעולה בין עובדי המעבדה לצוות הקליני (מנהל השרות המטבולי, תזונאיות) כפועל יוצא כחלק מהעבודה השגרתית, קיימת גישה למטופלים החולים במחלות מטבוליות משרה מלאה, ימים א'-ה', 8 שעות עבודה, נכונות לש.נ/כוננויות תיאור התפקיד : קליטת דגימות מהגורמים המפנים כולל רישומן, סיווגן וטיפול בהתאם להוראות עבודה ביצוע הבדיקות הנדרשות באמצעות מכשור אנליטי מתקדם מסוג UPLC-MS/MS על פי נהלי המעבדה הפעלת מערכת הבטחת איכות המקובלת במעבדה כחלק משגרת העבודה הפעלת שיקול דעת במהלך ביצוע הבדיקות ובהתאם לתוצאות המדדים הנקבעים, הפניית תשומת לב הממונה לתוצאות חריגות ופועל על פי הנחיותיו עיבוד נתוני בדיקות המטופל לצד נתוני מערכת, ביצוע ביקורת טיב והעברתם לאישור ממונה תיעוד תוצאות הבדיקה ברשומות המעבדה הממוחשבות והפצתן לגורם המפנה עמידה בלוחות זמנים ותפוקות שיקבעו ע""י מנהלת המעבדה סיוע בעריכת מחקרים וסקרים ביצוע מטלות נוספות בתחום המקצועי בהתאם להוראות הממונה דרישות התפקיד : השכלה אקדמית תואר שני במדעי החיים או מדעי הרפואה ותארים המוכרים לפי תקנות (בריאות העם מעבדות רפואיות) משרד הבריאות כפי שיתעדכנו מעת לעת - חובה הכרה במעמד עובד/ת מעבדה רפואית אקדמאי/ת (כולל הכרה זמנית) מטעם משרד הבריאות - יתרון משמעותי תואר שני/שלישי בתחום ביוכימיה, כימיה אורגנית - חובה ידע מקצועי בעקרונות הפרדת חומרים - יתרון ידע בתפעול מכשור אנליטי בדגש על מערכות HPLC , LC-MS - יתרון משמעותי ידיעת השפה העברית על בוריה ידיעת השפה האנגלית כדי קריאת ספרות מקצועית יחסי אנוש מעולים כושר ביטוי בכתב ובעל-פה יכולת בעבודת צוות יכולת עבודה בעומסים יכולת למידה עצמאית *תינתן עדיפות למועמדים/ות עם מוגבלויות"
כוח עזר,מרכז רפואי אוניברסיטאי סורוקה,באר שבע,2026-02-24,https://jobs.clalitapps.co.il/clalit/redmatch-apply/redmatch.apply.html?compPositionID=47299,אחזקה ולוגיסטיקה,,"למרכז הרפואי סורוקה דרוש/ה כח עזר תיאור התפקיד: ניקוי וארגון כללי של המחלקה ויחידת החולה (ארוניות, מיטה וכו') סיוע בטיפול בחולה (הלבשה, האכלה, רחצה וכו') טיפול במלאי ותקינות של ציוד במחלקה ביצוע שליחויות עבור המחלקה (הבאת ציוד ותרופות, העברת ציוד לתיקון, הזמנת כביסה וכו') סיוע בתחזוקה שוטפת וניקיון מכשור רפואי וציוד מתכלה נכונות לעבוד בכלל המחלקות הזמנת מזון למחלקה וחלוקת מזון דרישות התפקיד: השכלה תיכונית חלקית (10 שנות לימוד) לפחות ידיעת השפה העברית יכולת בסיסית בהפעלת מחשב תודעת שירות נאותה ויכולת לפעול בצוות בשיתוף פעולה *תינתן עדיפות למועמדים/ות עם מוגבלויות"
רכז/ת רווחה ופיתוח משאבי אנוש,מרכז רפואי מאיר,מרכז רפואי מאיר- כפר סבא,2026-02-24,https://jobs.clalitapps.co.il/clalit/redmatch-apply/redmatch.apply.html?compPositionID=49055,מנהל ומטה,,"למרכז הרפואי מאיר דרוש/ה רכז/ת רווחה ופיתוח משאבי אנוש תיאור התפקיד: אחריות לנושאי רווחת העובדים בבית החולים ותחום הרווחה בארגון - ייזום והפקת אירועים, ניהול בנק ספקים סיוע בנושאי רווחה ומחוברות עובדים תכנון וארגון אירועים, פעילויות רווחה, התנהלות מול חברות הפקה וספקים אחריות לנושא המתנות לעובדים: לידות, חתונות, ימי הולדת מעורבות בתחומי תקשורת פנים ארגונית אחידה (ניסוחי מסרים, עיצובים ויזואלים) ניהול, תחזוקה ותפעול שוטף של פורטל פנים ארגוני הובלת נושא תרומה לקהילה ומעורבות חברתית מענה לפניות עובדים בנושא רווחת הפרט, הלוואות ומענקי מצוקה הכנת עובדים לפרישה - ביצוע שיחות סיכום טיפול בהסדרים עם גורמים וגופים חיצוניים בנושאי פעילויות תרבות ופנאי לעובדים שותפות בתהליך קליטת עובד חדש לביה""ח וליחידה, סיוע להפקת ימי אוריינטציה טיפול ברווחה פנים ארגונת: עובדים מצטיינים,פעילויות גיבוש, אבל, עובדים במחלות ממושכות סיוע בתהליכי פיתוח עובדים והדרכה באופן אדמיניסטרטיבי ותפעולי דרישות התפקיד: תואר אקדמי יכולת בינאישית גבוהה מאד- יכולת אמפטיה, אינטליגנציה רגשית גבוהה, בגרות אישית יכולת הפקה והובלת אירועים יכולת לבצע משימות אדמיניסטרטיביות לצד יכולת יצירתית ראייה ויזואלית טובה - יכולת לעצב מצגות ומודעות *תינתן עדיפות למועמדים/ות עם מוגבלויות"
עמית/ה מומחה/ית,מחוז ירושלים,מחוז ירושלים,2026-02-19,https://jobs.clalitapps.co.il/clalit/redmatch-apply/redmatch.apply.html?compPositionID=49051,עבודה סוציאלית,,"לתוכנית חדשה בכללית מחוז ירושלים דרושים/ות עמיתים/ות מומחים/ות מניסיון אישי לצוות בריאות הנפש תיאור התפקיד: עבודה בצוות רב-מקצועי במערך בריאות הנפש של כללית שימוש בידע מניסיון חיים אישי ככלי מקצועי לליווי מטופלים מורכבים, מטופלים נמענים מטיפול ובמעבר מאשפוז פסיכיאטרי לקהילה גיוס לשיתוף פעולה וחיבור לשירותי טיפול ושיקום דרישות התפקיד: ניסיון אישי משמעותי: רקע אישי של התמודדות עם משברי חיים משמעותיים ותהליך שיקום במערך ברה""ן (אשפוז ו/או זכאות לסל שיקום) יכולת שיתוף: מוכנות ורצון להשתמש בניסיון החיים ובסיפור האישי ככלי עבודה בשיחות הליווי נכונות ליציאה לקורס ""עמיתים מומחים"" או הכשרה בתחום טיפולי בשנה הראשונה לתפקיד עבודת שטח: נכונות לביקורי בית וניידות במרפאות ירושלים והסביבה מה אנחנו מציעים? משרה יציבה ב""כללית"" (50% משרה) עם תנאים סוציאליים מלאים הדרכה שבועית ע""י עו""ס וליווי מקצועי שוטף *תינתן עדיפות למועמדים/ות עם מוגבלויות"
עובד/ת מעבדה,מרכז רפואי יוספטל ומרחב אילת,אילת,2026-02-19,https://jobs.clalitapps.co.il/clalit/redmatch-apply/redmatch.apply.html?compPositionID=48685,מעבדות רפואיות,,"למרכז הרפואי יוספטל דרוש/ה עובד/ת מעבדה תיאור התפקיד: קליטת דגימות מהגורמים המפנים וביצוע הבדיקות הנדרשות הפעלת מערכות אבטחת איכות מתקדמות כחלק משגרת העבודה עיבוד נתוני הבדיקות והפצת תוצאותיהן לצוותים הרפואיים דרישות התפקיד: תואר ראשון - מדעי המעבדה הרפואית, ביוכימיה, ביוטכנולוגיה, גנטיקה, הנדסת ביוטכנולוגיה, חקלאות, כימיה, מדעי החיים, מדעי הרפואה, רוקחות, רפואה, רפואה וטרינרית, תזונה תעודת הכרה במעמד עובד מעבדה רפואית אקדמאי (רישיון עיסוק) מטעם משרד הבריאות ידיעת השפה העברית על בוריה ידיעת השפה האנגלית כדי קריאת ספרות מקצועית כושר ביטוי בכתב ובעל-פה יחסי אנוש טובים ויכולת עבודה בצוות תנאים טובים למתאימים *תינתן עדיפות למועמדים/ות עם מוגבלויות"
מזכיר/ה,הנהלה ראשית,תל אביב,2026-02-19,https://jobs.clalitapps.co.il/clalit/redmatch-apply/redmatch.apply.html?compPositionID=48696,מנהל ומטה,,"להנהלה ראשית דרוש/ה מזכיר/ה לפניות הציבור בחצי משרה תיאור התפקיד : אחריות לארגון עבודת המשרד ביצוע מכלול עבודות האדמיניסטרציה השוטפות וסיוע לממונה בביצוע משימות בשוטף, כולל מעקב אחרי משימות ועמידה ביעדים ניתוב מסמכים, הקלדות וריכוז חומרים נדרשים, תיוק, מתן מענה טלפוני ותמיכה לעובדי היחידה אחריות לניהול היומן, כולל תיאומי פגישות רישום והקלדת סיכומי ישיבות והפצתם ע""פ דרישה ריכוז והכנת חומרי עזר עבור ישיבות, ועדות או טיפול אחר בהתאם להנחיות הממונה קשרים לתפעול שוטף של ענייני המשרד עם גורמים שונים במוסד ומחוצה לו דרישות התפקיד : השכלה תיכונית -תעודת בגרות בוגר/ת קורס מוכר למזכירות - יתרון ידיעת השפה העברית על בורייה ידיעת השפה האנגלית - יתרון שליטה מלאה בתכנות Office עבודה קודמת עם מערכת ""סער"" - יתרון ידע וניסיון עבודה בסאפ לוגיסטי (הזמנות וחשבוניות) - יתרון יחסי אנוש מצויינים יכולת עבודה עצמאית ובצוות יכולת למידה וסבלנות יכולת גבוהה בעבודה ובתיאום מול ממשקים מרובים במקביל ידע וניסיון אדמיניסטרטיבי בתפעול משרד יכולות גבוהות של ארגון וסדר *תינתן עדיפות למועמדים/ות עם מוגבלויות"
דיאטן/ית לחטיבת ילדים,מרכז רפואי אוניברסיטאי סורוקה,באר שבע,2026-02-19,https://jobs.clalitapps.co.il/clalit/redmatch-apply/redmatch.apply.html?compPositionID=49049,תזונה ודיאטה,,"למרכז הרפואי סורוקה דרוש/ה דיאטן/ית לחטיבת ילדים תיאור התפקיד: טיפול בחולים בנושאי תזונה ודיאטה בהתאמה אישית בהיבטים קליניים, תרבותיים, חברתיים וכלכליים שותפות בתכנון ועדכון סוגי תפריטים ודיאטות לצרכים שונים במסגרת שירות הדיאטה בבית החולים קביעת צרכים תזונתיים ודיאטטיים של מטופלים ותרגומם לתפריטים במסגרת הטיפול בבית החולים מעקב אחר השפעת הדיאטה על מצבו של המטופל והתאמתה להליכי הריפוי קשרים עם צוות רב מקצועי בביה""ח לדיון במצב המטופלים שותפות בעריכת מחקרים וסקרים בנושא תזונה התעדכנות שוטפת בידע מקצועי באופן עצמאי ובאמצעות מערך התזונה והדיאטה בכללית דרישות התפקיד: תואר ראשון במדעי התזונה ממוסד המוכר ע""י המועצה להשכלה גבוהה רישוי משרד הבריאות לעיסוק דיאטן/ית / תזונאי/ת (נדרשים סטאז' ובחינה) יתרון לבעלי תואר נוסף בתחום מדעי התזונה, מדעי ההתנהגות או בריאות הציבור יתרון לבעלי הכשרה בתחומים: הנחיית קבוצות, CBT יכולת עבודה בצוות *תינתן עדיפות למועמדים/ות עם מוגבלויות"
אופטימטריסט/ית,מרכז רפואי אוניברסיטאי סורוקה,באר שבע,2026-02-19,https://jobs.clalitapps.co.il/clalit/redmatch-apply/redmatch.apply.html?compPositionID=49048,הנדסה וטכנולוגיה,,"למרכז הרפואי סורוקה דרוש/ה אופטימטריסט/ית לחצי משרה תיאור תפקיד: בדיקות רפרקציה והתאמת עדשות לילדים עד גיל 18 בדיקות רפרקציה והתאמת עדשות בתחום עדשות הפרימיום לניתוחי קטרקט בדיקות רפרקציה בתחום ניתוחי קטרקט והתאמת עדשות, ידע בבדיקות ביומטריה בדיקות BCVA למטופלי מחקר- ביצוע פעילות אקדמית של הדרכה ומחקר במסגרת מחקרי יזמות ומוסדות אקדמיים על פי המקובל ובהתאם להסכמים ולצרכים בדיקות צילומי עיניים כגון OCT וביומטריה דרישות התפקיד: תואר ראשון באופטומטריה - חובה רישיון לעסוק באופטומטריה - חובה ניסיון בתחום ניתוחי קטרקט - יתרון משמעותי ידע בתפעול מערכות מחשב רלוונטיות, ידע קודם במערכת הקמיליון - יתרון שליטה בשפה העברית ואנגלית תקשורת בין אישית טובה ושיתוף פעולה בצוות שירותיות, סבלנות ואמפתיה לזולת זמינות וגמישות נכונות לעבודה במספר תחנות בו זמנית ובדיקות במרפאות משולבות * תינתן עדיפות למועמדים/ות עם מוגבלויות"
יועץ/ת משפטי/ת - רפרנט/ית,הנהלה ראשית,נוף הגליל,2026-02-18,https://jobs.clalitapps.co.il/clalit/redmatch-apply/redmatch.apply.html?compPositionID=49043,מנהל ומטה,,"דרוש/ה יועץ/ת משפטי/ת למחוז צפון בנוף הגליל תיאור התפקיד : מתן ייעוץ משפטי שוטף וחוות דעת משפטיות להנהלת המוסד במגוון גדול ורחב של תחומים, לרבות בתחום המשפט המסחרי; משפט מנהלי; דיני בריאות ועוד עיסוק עיקרי בתחום דיני המכרזים, לרבות כתיבת מכרזים, מתן ייעוץ שוטף בסוגיות הקשורות לחובת מכרז וכהונה כחבר/ה ועדת המכרזים המקומית כפיפות מלאה למחלקה המשפטית דרישות התפקיד : עו""ד עם ניסיון של 5 שנים או יותר בתחום האזרחי-מסחרי או המנהלי עם זיקה לתחום דיני המכרזים מקצועיות גבוהה תקשורת בינאישית טובה אינטליגנציה רגשית יכולת הובלה ועבודה עצמאית * תינתן עדיפות למועמדים/ות עם מוגבלויות"
יועץ/ת ארגוני/ת בתחום השירות במחוז דרום,מחוז דרום,"אשקלון, שדרות,קרית גת,אופקים, נתיבות, ב""ש, ערד, דימונה, מצפה רמון וישובי החברה הבדואית",2026-02-18,https://jobs.clalitapps.co.il/clalit/redmatch-apply/redmatch.apply.html?compPositionID=49040,מנהל ומטה,,"לתפקיד שטח משמעותי ומפתח בעולם הבריאות דרוש/ה יועץ/ת ארגוני/ת / מנחה קבוצות וסדנאות בתחום השירות רוצה להשתלב בארגון גדול ולהוביל תהליכי שירות וחוויית מטופל במרפאות בקהילה ? זו ההזדמנות שלך להצטרף לתפקיד דינמי, מגוון ובעל השפעה רחבה תיאור התפקיד: ליווי והובלת תהליכי שיפור שירות במרפאות הקהילה ביצוע אבחונים ארגוניים: תצפיות, ראיונות, סקרים וניתוח נתונים בניית תוכניות עבודה ויישומן בליווי מקצועי הנחיית סדנאות שירות לצוותים עבודה שוטפת מול מנהלים, צוותים וגורמים מחוזיים וארציים מה אנחנו מציעים: הזדמנות מצוינת לתפקיד ראשון בעולם הייעוץ והשירות ליווי והכוונה מקצועית צמודה חשיפה לעבודה עם מנהלים וצוותים רב-מקצועיים סביבת עבודה יציבה ומובילה במערכת הבריאות רכב צמוד במסגרת התפקיד השתתפות בהכשרות מקצועיות מחוזיות וארציות דרישות התפקיד : ייעוץ ארגוני- תואר ראשון/ תואר שני/ לימודי תעודה בייעוץ ארגוני לבעלי תואר ראשון- חובה תואר ראשון במדעי הרוח והחברה+ תעודה בהנחיית קבוצות- חובה ניסיון בעולמות השירות -חובה ניסיון בהנחיה, הדרכה, ייעוץ או הובלת תהליכי שינוי - יתרון משמעותי כושר ביטוי גבוה בכתב ובעל פה תקשורת בין-אישית מצוינת יוזמה, עצמאות ויכולת הנעת תהליכים מחויבות ללמידה והתפתחות מקצועית רישיון נהיגה בתוקף ונכונות לנסיעות מרובות *תינתן עדיפות למועמדים/ות עם מוגבלויות"
אח/ות מומחה/ית קליני/ת בסוכרת,מחוז ירושלים,"דרום ירושלים, כולל מרפאות בהתישבות",2026-02-18,https://jobs.clalitapps.co.il/clalit/redmatch-apply/redmatch.apply.html?compPositionID=49039,אחים ואחיות,,"דרוש/ה אח/ות מומחה/ית קליני/ת בסוכרת לתפקיד משמעותי, סביבה מקצועית ותומכת ופיתוח מקצועי מתמשך תפקיד כולל: ליווי מטופלים, הדרכה ועבודה בשיתוף צוותים רפואיים משרה חלקית מיקום: דרום ירושלים, כולל מרפאות בהתישבות דרישות התפקיד: אח/ות מוסמכ/ת + רישיון בתוקף הסמכה כמומחה/ית קלינית בסוכרת ניסיון בעבודה עם מטופלים סוכרתיים - יתרון *תינתן עדיפות למועמדים/ות עם מוגבלויות"
אח/ות מוסמכ/ת למרפאה ראשונית,מחוז מרכז,ראשון לציון,2026-02-17,https://jobs.clalitapps.co.il/clalit/redmatch-apply/redmatch.apply.html?compPositionID=48950,אחים ואחיות,,"דרוש/ה אח/ות מוסמכ/ת למרפאה ראשונית בראשון לציון תיאור התפקיד : קבלת מטופלים למרפאה ותכנון הטיפול הסיעודי - אומדן, תכנון, ביצוע והערכה, לרבות הדרכה ואוריינטציה של המטופל ריכוז הטיפול תוך שיתוף גורמים מקצועיים רלוונטיים (רופא, עו""ס, דיאטנית, פיזיותרפיסט, ועוד), לרבות הדרכה והנחיית המטופלים ובני משפחותיהם מתן טיפול סיעודי בהתאם לצרכים ולהנחיות רפואיות: ביצוע בדיקות, מתן תרופות, התערבות סיעודית נדרשת על פי מצב המטופל סיוע לרופאים ויישום הוראות רפואיות: הכנת ציוד, מתן תרופות, סיוע ישיר בפעולות שונות לרבות הכנה והדרכת המטופל, הכנת הציוד, ניטור ודיווח תיעוד ודיווח בכתב ובעל פה על מטופלים והטיפול בהם ביצוע תחזוקה שוטפת של טכנולוגיות רפואיות ומתכלים במרפאה, כולל: זיהוי תקלות שונות, ניהול מלאי, טיפול בהתראות והפנייה לגורם המתאים תיאום הטיפול עם גורמים מקצועיים רלוונטיים מחוץ למרפאה (בית חולים או קהילה), כולל העברה ליחידה אחרת, דגימות למעבדה, בדיקות אחרות והדרכת החולה ובני משפחתו התעדכנות בידע, מיומנות וחידושים טכנולוגיים והעשרה מקצועית באמצעות: ספרות מקצועית, ימי עיון, השתלמויות, כנסים, מחקרים ועוד ביסוס הטיפול על ידע עדכני וחידושים טכנולוגיים דרישות התפקיד : השכלה באֲחָיוּת - בוגרי/ות בי""ס לאֲחָיוּת רצוי תואר ראשון באֲחָיוּת או בניהול מערכות בריאות רישוי עבודה כאח/ות מוסמך/ת (תעודת רישום) ידיעת השפה העברית, ידיעת אנגלית (כדי קריאת ספרות מקצועית) יחסי אנוש תקינים יכולות הדרכה , עמידה בלחצים יכולת עבודה ושיתוף פעולה בצוות"
עובד/ת סוציאלי/ת,מחוז מרכז,אשדוד,2026-02-17,https://jobs.clalitapps.co.il/clalit/redmatch-apply/redmatch.apply.html?compPositionID=49036,עבודה סוציאלית,,"למרפאות באשדוד דרושים/ות עובדים/ות סוציאלים/ות תיאור התפקיד: מתן טיפול סוציאלי פרטני, משפחתי או קבוצתי למטופלים ו/או משפחותיהם, הזקוקים לסיוע בתחום האישי, החברתי, הכלכלי והנפשי כתוצאה ממחלה ייזום או קבלת הפניות ממקורות שונים כגון צוות רפואי, מוסדות רפואיים, קהילה ואחרים, לגבי הנזקקים לטיפול בנושאים הקשורים בחולי ובריאות קשר עם גורמים קהילתיים לצורך סיוע והנגשת זכויות למטופל הוצאה לפועל של תכנית הטיפול שהותוותה, תוך תיאום עם הגורמים הרלוונטים, וקיום קשר שוטף עם הצוות הרב מקצועי במחלקה, ביחידה ובבית החולים/קהילה מעקב אחר ביצוע תכנית הטיפול אפשרות להשתתפות בין-מקצועית בייזום ובעריכת מחקרים בתחום הביו-פסיכו-סוציאלי דרישות התפקיד : תואר ראשון בעבודה סוציאלית תואר שני - יתרון רישיון עיסוק בעבודה סוציאלית תעודת מומחיות בתחום הבריאות או בריאות הנפש - יתרון ניסיון קודם בעבודה סוציאלית במערכת הבריאות - יתרון שליטה מלאה בשפה העברית שליטה בשפה האנגלית כדי קריאת ספרות מקצועית יכולת עבודה בצוות *תינתן עדיפות למועמדים/ות עם מוגבלויות"
ראש צוות עבודה סוציאלית,מחוז מרכז,"קרית מלאכי, רמלה",2026-02-17,https://jobs.clalitapps.co.il/clalit/redmatch-apply/redmatch.apply.html?compPositionID=49035,עבודה סוציאלית,,"דרוש/ה עו""ס פסיכותרפיסט/ית למרפאת בריאות הנפש בקרית מלאכי/רמלה לתפקיד ראש צוות עבודה סוציאלית תיאור התפקיד: התפקיד כולל: ניהול צוות עו""ס במרפאה. הדרכת עובדים פרטנית/ קבוצתית. השתתפות בצוות המוביל של המרפאה, ניהול והתוויית דרכי עבודה. השתתפות בפורום של ראשות צוותים מחוזי. עיסוק בפסיכותרפיה פרטנית וקבוצתית. קבלת הדרכה וליווי בתפקיד. דרישות התפקיד : רישום בפנקס העו""ס תואר שני בעבודה סוציאלית (עדיפות למסלול טיפולי) ניסיון מוכח בטיפול פסיכותרפויטי במבוגרים, עדיפות לניסיון במרפאות בריאות הנפש/בתי חולים פסיכיאטרים תעודת גמר ביה""ס לפסיכותרפיה לימודי תעודה והסמכה בטיפול משפחתי (יתרון ( היקף המשרה - 50% ומעלה תנאי השכר בהתאם להסכם הקיבוצי במשק *תינתן עדיפות למועמדים/ות עם מוגבלויות"
עובד/ת סוציאלי/ת,מחוז מרכז,אשדוד,2026-02-17,https://jobs.clalitapps.co.il/clalit/redmatch-apply/redmatch.apply.html?compPositionID=49032,עבודה סוציאלית,,"דרושים/ות עובדים/ות סוציאלים/ות למרכז בריאות הילד של כללית באשדוד תיאור התפקיד : עבודה טיפולית עם הורים וילדים סביב התמודדות עם משבר בריאות טיפול פרטני, טיפול דיאדי, טיפול משפחתי וקבוצתי עבודה בצוות רב מקצועי דרישות התפקיד : תואר ראשון ושני בעבודה סוציאלית נסיון טיפולי עם הורים וילדים - יתרון תעודת פסיכותרפיה/טיפול משפחתי - יתרון * תינתן עדיפות למועמדים/ות עם מוגבלויות"
עובד/ת סוציאלי/ת,מחוז דן פתח תקווה,רמת גן,2026-02-16,https://jobs.clalitapps.co.il/clalit/redmatch-apply/redmatch.apply.html?compPositionID=49030,עבודה סוציאלית,,"למרפאה רב מקצועית ברמת גן, העוסקת בקידום אורח חיים בריא ובטיפול בילדים ובני נוער עם השמנה, דרוש/ה עובד/ת סוציאלי/ת להצטרפות לצוות מוביל תיאור התפקיד: טיפול פרטני בילדים ובבני נוער המתמודדים עם השמנה עבודה טיפולית והדרכת הורים ומשפחה השתתפות בישיבות צוות רב מקצועיות בניית תכניות טיפול מותאמות אישית עבודה מערכתית מול גורמי חינוך וקהילה לפי הצורך דרישות התפקיד: תואר שני בעבודה סוציאלית ניסיון בעבודה עם ילדים ונוער ניסיון בתחום ההשמנה/הפרעות אכילה - יתרון הכשרה בטיפול משפחתי, CBT - יתרון יכולת עבודה בצוות, רגישות, יוזמה ויכולת הובלת תהליך טיפולי הדרכה והכשרות מקצועיות מובטחות *תינתן עדיפות למועמדים/ות עם מוגבלויות"
עובד/ת סוציאלי/ת,מחוז דן פתח תקווה,"קריית אונו , פתח תקווה",2026-02-16,https://jobs.clalitapps.co.il/clalit/redmatch-apply/redmatch.apply.html?compPositionID=49029,עבודה סוציאלית,,"דרוש/ה עובד/ת סוציאלי/ת לחצי משרה למרפאה ראשונית במרפאות קרית אונו, קריית אלון , אריאל , גבעת שמואל תיאור התפקיד : מתן טיפול פרטני, קבוצתי ומערכתי למטופלים ובני משפחותיהם המתמודדים עם מצבים רפואיים מורכבים, משברי חיים, דיכאון, חרדה, פוסט טראומה ליווי ותמיכה לבני המשפחה עבודה מול גורמים בקהילה דרישות התפקיד : תואר שני בעבודה סוציאלית ניסיון בעבודה במערכת הבריאות יתרון יכולת עבודה בצוות, יוזמה, עצמאות ורגישות בינאישית גבוהה מיומנויות ארגון והובלת תהליכים הדרכה והכשרות מקצועיות מובטחות *תינתן עדיפות למועמדים/ות עם מוגבלויות"
פקיד/ת מרפאה,מחוז מרכז,באר יעקב,2026-02-16,https://jobs.clalitapps.co.il/clalit/redmatch-apply/redmatch.apply.html?compPositionID=48793,מנהל ומטה,,"למרפאה מקצועית חדשה בבאר יעקב דרוש/ה פקיד/ת מרפאה תיאור התפקיד: מתן שירות פרונטלי וטלפוני ללקוחות המרפאה בנושאים אדמיניסטרטיביים קביעת תורים לרפואה ראשונית ויועצת והכוונת הלקוחות לשירותים הרפואיים המתאימים מתן מידע על זכויות המגיעות ללקוחות בהתאם לסל השירותים טיפול בנושאי גבייה והחזרים כספיים ללקוחות המרפאה טיפול בקליטת לקוחות חדשים במרפאה מתן שירות אדמיניסטרטיבי לצוות הרפואי במרפאה שותפות בהשגה ובמימוש יעדי המרפאה בתחומי השירות, האיכות הרפואית, גיוס לקוחות, שיווק שירותים ועוד דרישות התפקיד: תעודת בגרות מלאה - חובה ניסיון בתפקידי שירות ומכירה - יתרון תודעת שירות גבוהה יחסי אנוש טובים, שיתוף פעולה בצוות יכולת עבודה בסביבה ממוחשבת יכולת עבודה בתנאי לחץ ועומס שליטה בשפה העברית, שליטה בשפה נוספת - יתרון כושר הבעה גבוה בכתב ובע""פ *תינתן עדיפות למועמדים/ות עם מוגבלויות"
אחים/ות,מחוז מרכז,באר יעקב,2026-02-16,https://jobs.clalitapps.co.il/clalit/redmatch-apply/redmatch.apply.html?compPositionID=49027,אחים ואחיות,,"אחים/ות בואו להיות חלק בהקמת מרפאה יועצת חדשה הנפתחת בבאר יעקב בתחומים: עור| עיניים |סוכרת | א.א.ג | נשים |אורתופדיה |כירורגיה כללית יתרונות המרפאה: סטנדרט מקצועי גבוה סביבת עמודה מקצועית ומובילה אופק קריירה איזון בית עבודה תיאור התפקיד: קבלת מטופלים למרפאה ותכנון הטיפול הסיעודי - אומדן, תכנון, ביצוע והערכה, לרבות הדרכה המטופל אחריות למתן שירות קליני סיעודי בחדרי הטיפולים , כולל הכנת מטופלים לקראת טיפול רפואי, ליווי בתהליך ומעקב שוטף הדרכה, ייעוץ וליווי מטופלים ובני משפחותיהם בנושאים רפואיים וטיפוליים תיעוד ודיווח מקצועי כחלק מעבודה בצוות רב מקצועי במרפאה דרישות התפקיד: השכלה באֲחָיוּת - בוגר/ת בי""ס לאֲחָיוּת השכלה אקדמית (תואר ראשון) מוכר לאֲחָיוּת: תואר ראשון באֲחָיוּת או בניהול מערכות בריאות רישוי עבודה כאח/ות מוסמך/ת (תעודת רישום) קורס על בסיסי - יתרון *תינתן עדיפות למועמדים/ות עם מוגבלויות"
מזכיר/ה רפואי/ת,מרכז רפואי מאיר,מרכז רפואי מאיר- כפר סבא,2026-02-16,https://jobs.clalitapps.co.il/clalit/redmatch-apply/redmatch.apply.html?compPositionID=47395,מנהל ומטה,,"למרכז רפואי מאיר דרוש/ה מזכיר/ה רפואי/ת במחלקות אישפוז תיאור התפקיד: אחריות לטיפול מנהלי שוטף בתיעוד הרפואי של המאושפזים מקבלתם למחלקה ועד לאחר שחרורם רישום וקידוד של נתוני טיפול ובדיקות, עדכון יומן המחלקה ועוד תיאום וניהול אדמיניסטרטיבי של הפעילות האמבולטורית תיאום פגישות, תיאום תורים, הזמנת שירותים, העברת מידע ומסמכים וכד' טיפול בנושאים כלליים של מזכירות ומנהלה הכרוכים בתפעול שוטף של המחלקה - קשרי עבודה בתוך המוסד ומחוצה לו, טלפונים, תכתובת, דואר, תיוק, הקלדה, סיוע משרדי לסגל ולמנהל ועוד מתן מענה וטיפול בפניות של לקוחות או גורמים אחרים, במידע או בנושאים מנהליים שונים אחריות לתקינות ותחזוקה של ציוד משרדי ולמלאי של ציוד וחומרי משרד עבודה במספר מחלקות אשפוז על פי צורך דרישות התפקיד: השכלה תיכונית מלאה - תעודת בגרות תעודת מזכירות רפואית - חובה ידיעת השפה העברית על בוריה ואנגלית ברמה טובה ידע בתוכנות OFFICE הכרה של נהלים ותקנות בתחומים המתאימים כושר ביטוי בעל פה ובכתב יחסי אנוש תקינים *תינתן עדיפות למועמדים/ות עם מוגבלויות"
עובד/ת מעבדה המטואונקולוגית,מרכז שניידר לרפואת ילדים בישראל,פתח תקווה,2026-02-16,https://jobs.clalitapps.co.il/clalit/redmatch-apply/redmatch.apply.html?compPositionID=49016,מעבדות רפואיות,,"למרכז שניידר לרפואת ילדים דרוש/ה עובד/ת מעבדה למעבדה המטואונקולוגית ביחידה להמטולוגיה ימים א'-ה' 92% משרה - 37 שעות שבועיות, 08:00-16:00 נכונות לשינויים בשעות העבודה בהתאם לצורך הרפואי תיאור התפקיד : קליטת דגימות מהגורמים המפנים וטיפול מלא אחר רישומן וסיווגן ביצוע בדיקות נדרשות ברמה מקצועית נאותה ועל פי נהלי המעבדה הפעלת מערכת הבטחת איכות וביקורת טיב, המקובלת במעבדה כחלק משגרת העבודה הפעלת שיקול דעת בביצוע בדיקות ותוצאות המדדים הנקבעים והפניית תשומת לב הממונה על תוצאות חריגות עיבוד נתוני בדיקות החולה לצד נתוני מערכת, ביקורת טיב והעברתם לאישור ממונה תיעוד תוצאות הבדיקה ברשומות המעבדה והפצתן לגורם המפנה סיוע בעריכת מחקרים וסקרים ביצוע מטלות נוספות בתחום המקצועי בהתאם להוראות הממונה העבודה הינה מול מטופלים ולא רק במעבדה דרישות התפקיד : תואר ראשון, שני או שלישי במדעי החיים או מדעי הרפואה ותארים המוכרים לפי תקנות (בריאות העם מעבדות רפואיות) משרד הבריאות כפי שיתעדכנו מעת לעת הכרה במעמד עובד/ת מעבדה רפואית אקדמאי/ת (כולל הכרה זמנית) מטעם משרד הבריאות ניסיון בעבודה מולקולרית: הפקת דנא ורנא, PCR , MLPA ידע בריצוף סנגר וטכנולוגית ריצוף עמוק, כולל ידע בהכנת ספריות ואנליזות ריצוף - יתרון דיעת השפה העברית על בוריה ידיעת השפה האנגלית כדי קריאת ספרות מקצועית כושר ביטוי בכתב ובעל-פה יכולת עבודת צוות יכולת בעבודה בעומסים ויכולת למידה עצמאית *תינתן עדיפות למועמדים/ות עם מוגבלויות"
"פקיד.ה לבי""ח כרמל- עבודה במשמרות",מרכז רפואי כרמל,"חיפה - בי""ח כרמל",2026-02-12,https://jobs.clalitapps.co.il/clalit/redmatch-apply/redmatch.apply.html?compPositionID=47045,מנהל ומטה,,"פקיד.ה למרכז רפואי כרמל - העבודה במשמרות ויכולה להתאים לסטודנטים/ות (מינימום 4 משמרות בשבוע, כולל סופ""ש). תיאור התפקיד: ביצוע כל הרשומים הדרושים של פרטי החולה המתקבל.ת והמשתחרר.ת ושאר נתונים באמצעות המסוף. בירור ובדיקת זכויות וקבלת התחיבויות לגבי אשפוז ושאר טיפולים של הפונים למשרד קבלה גביית כספים עבור טיפולים מחייבי תשלום וניהול קופה קטנה. שליחת תזכורות לחייבי תשלום ומכין חומר לתביעות משפטיות לפי הנחיות הממונה. מענה לפניות שונות של קהל הפונים. הכנת נתונים סטטיסטיים שונים עפ""י דרישת הממונה. העברת שיחות טלפון במשמרת לילה דרישות התפקיד: תעודת בגרות מלאה - חובה תעודת מזכירות רפואית- יתרון עבודה במשמרות - חובה, כולל סופ""שים! משמרת בוקר: 07:00-15:00, משמרת ערב: 15:00-23:00, משמרת לילה: 23:00-07:00 שליטה מלאה בשפה העברית ידיעת שפות נוספות - יתרון שליטה במחשב ובתוכנות Office תודעת שירות גבוהה תקשורת בין אישית טובה ויכולת עבודה בצוות יכולת ביטוי טובה בעל פה ובכתב *תינתן עדיפות למועמדים/ות עם מוגבלויות"
מזכיר/ה רפואי/ת,מרכז רפואי כרמל,חיפה והקריות,2026-02-12,https://jobs.clalitapps.co.il/clalit/redmatch-apply/redmatch.apply.html?compPositionID=47090,מנהל ומטה,,"דרוש/ה מזכיר/ה רפואי/ת למרכז רפואי כרמל - משרה מלאה 7:00-15:00 תיאור התפקיד: אחריות לטיפול מנהלי שוטף בתיעוד רפואי של מטופלים מקבלתם למחלקה ועד שחרורם: פתיחת רשומה רפואית, מעקב ועדכון מסמכים ועוד טיפול מנהלי בקבלה, ניוד, העברה ושחרור מטופלים במחלקה: בדיקת מצבת מטופלים, הכנת מסמכים רלוונטיים, תיאומים ועוד קשרי עבודה עם גורמים שונים בבית החולים ומחוצה לו: תיאום פגישות, תיאום תורים, הזמנת שירותים ובדיקות, העברת מידע ומסמכים ועוד סיוע אדמיניסטרטיבי לצוות המחלקה ולמנהל המחלקה. מתן מידע ושירות למטופלים ובני משפחותיהם בנושאים מנהליים שונים דרישות התפקיד: תעודת בגרות מלאה - חובה (ידרש להציגה במעמד הראיון) תעודת מזכירות רפואית - חובה (ידרש להציגה במעמד הראיון) ניסיון מקצועי בעבודת מזכירות בתחום הרפואה - יתרון שליטה מלאה בשפה העברית ידיעת אנגלית כדי קריאת מונחים מקצועיים רלוונטיים תודעת שירות גבוהה תקשורת בין אישית טובה ויכולת עבודה בצוות יכולת ביטוי טובה בכתב ובעל פה *תינתן עדיפות למועמדים/ות עם מוגבלויות"
עובד/ת אחזקה - בדק בית,מרכז רפואי מאיר,שרון,2026-02-12,https://jobs.clalitapps.co.il/clalit/redmatch-apply/redmatch.apply.html?compPositionID=49004,מנהל ומטה,,"למרכז רפואי מאיר דרוש/ה עובד/ת אחזקה - בדק בית תיאור התפקיד: איתור תקלות וביצוע בקרה של המרחב הפנימי והחיצוני של המבנה ומערכות הציוד שלו לשם איתור תקלות לתיקון או קבלת דיווחים על תקלות ובעיות במבנה ניטור הפעולה של מערכות הציוד של המבנה (חימום, חשמל, ביטחון וכדומה) לשם איתור בעיות התקנת ציוד/מיכשור חדש במבנה או ליווי וסיוע לכך ווידוא הפעילות התקינה שלו ביצוע תחזוקה מונעת של המבנה ומערכות בו על פי תוכנית והנחיות הממונים ביצוע תחזוקה שוטפת של המבנה (תיקונים קטנים), בהתאם למיומנות האישית, לתיקון ליקויים ובעיות (סתימות, תיקוני חרסינה קטנים, תיקוני שרברבות קטנים וכדומה) ניטור גישה לאיזורים מוגבלים במבנה (גג, חדר טלקומוניקציה וכד') ושמירה על בטיחותם והנגישות להם תגובה לקריאות חירום של משתמשי המבנה (הפסקות חשמל, שיטפונות, שריפות, וכד') פיקוח על עבודת קבלנים ועובדי תחזוקה חיצוניים תיעוד ודיווח פעילויות: רישום פעולות אחזקה, דיווח על בעיות ותקלות (בעיקר, אלו שמעבר לטיפול האישי), דיווח לממונים על פי נהלים ודרישה קשרי עבודה עם המשתמשים בבניין ועם קבלני תחזוקה ושירותים חיצוניים דרישות התפקיד: השכלה תיכונית - חובה הכשרה מתאימה בתחום - חובה רצויה תעודת סיום הכשרה מתאימה בתחום ניסיון קודם בעבודות אחזקה - יתרון ידע מקצועי בתחום ידיעת תקנות ונהלים בתחומי הפעילות ידיעה השפה העברית (כולל כתיבת דיווחים) הבנה טכנית יכולת טכנית מעשית יחסי אנוש טובים ויכולת עבודה בצוות שליטה מלאה בעברית. שפות נוספות - יתרון *תינתן עדיפות למועמדים/ות עם מוגבלויות"
פקיד/ת מרפאה,מחוז חיפה וגליל מערבי,"חיפה, נשר, טירת כרמל",2026-02-12,https://jobs.clalitapps.co.il/clalit/redmatch-apply/redmatch.apply.html?compPositionID=48998,מנהל ומטה,,"למרפאות בחיפה דרוש/ה פקיד/ת מרפאה למשרה מלאה/חלקית תיאור התפקיד: מתן שירות פרונטלי וטלפוני ללקוחות המרפאה בנושאים אדמיניסטרטיביים קביעת תורים לרפואה ראשונית ויועצת והכוונת הלקוחות לשירותים הרפואיים המתאימים מתן מידע על זכויות המגיעות ללקוחות בהתאם לסל השירותים טיפול בנושאי גבייה והחזרים כספיים ללקוחות המרפאה טיפול בקליטת לקוחות חדשים במרפאה מתן שירות אדמיניסטרטיבי לגורמים בתוך המרפאה: רופאים, אחיות, רוקחים, ובעלי מקצוע נוספים שותפות בהשגה ובמימוש יעדי המרפאה בתחומי השירות, האיכות הרפואית, גיוס לקוחות, שיווק שירותים ועוד דרישות התפקיד: תעודת בגרות מלאה - חובה! תואר ראשון - יתרון משמעותי ניסיון בתפקידי שירות ומכירה - יתרון נכונות לעבודה בשעות מפוצלות - חובה נכונות למשרה זמנית - חובה תודעת שירות גבוהה יחסי אנוש טובים, שיתוף פעולה בצוות יכולת עבודה בסביבה ממוחשבת יכולת עבודה בתנאי לחץ ועומס שליטה בשפה העברית, שליטה בשפה נוספת - יתרון כושר הבעה גבוה בכתב ובע""פ *תינתן עדיפות למועמדים/ות עם מוגבלויות"
סטודנט/ית לכלכלה,הנהלה ראשית,תל אביב,2026-02-12,https://jobs.clalitapps.co.il/clalit/redmatch-apply/redmatch.apply.html?compPositionID=49001,מנהל ומטה,,"להנהלה ראשית דרוש/ה סטודנט/ית לכלכלה באגף תקציבים של חטיבת הכספים תיאור התפקיד : סיוע בהכנת תחשיבים ומודלים כלכליים והצגת מסקנות והמלצות לפעולה סיוע בבחינת מנגנוני תקצוב של היחידות בארגון השתתפות בפגישות רלוונטיות ובדיוני אגף תקציבים השתתפות בכתיבת מסמכי מדיניות וניתוחים תומכי החלטה עבור הממונים ריכוז דיווחים ומידע מגורמי פנים וחוץ ארגוניים לשם השגת יעדים כלכליים סיוע במעקב אחר רגולציה, מגמות כלכליות ונוהלי משרד הבריאות וניתוח השפעתם הכלכלית טיפול בנושאים מקצועיים נוספים בתחום בהתאם לצרכים והנחיות הממונה דרישות התפקיד : השכלה - סטודנטים/ות לתואר ראשון/שני בכלכלה/ פכ""מ יתרת לימודים של שנה לפחות זמינות: לפחות 2 ימי עבודה בשבוע ידע בתפעול מערכות מחשוב רלוונטיות שליטה בתוכנת Excel כולל פונקציות מתקדמות ידיעה מצויינת של השפה העברית לצורך ניסוח מכתבים וניירות עמדה לרגולטור ידיעה טובה של השפה האנגלית כושר הבעה מצוין בכתב ובע""פ ראייה מערכתית רחבה כושר ניתוח תפקוד טוב תחת לחץ ועומס יוזמה ויכולת יישום יחסי אנוש טובים אמינות *תינתן עדיפות למועמדים/ות עם מוגבלויות"
רכז/ת בקרת חומרים מסוכנים,מרכז רפואי מאיר,שרון,2026-02-12,https://jobs.clalitapps.co.il/clalit/redmatch-apply/redmatch.apply.html?compPositionID=48999,מנהל ומטה,,"למרכז רפואי מאיר דרוש/ה רכז/ת בקרת חומרים מסוכנים תיאור התפקיד: בקרה יומית על רכש חומרים מסוכנים ללא היתר ובדיקת הזמנות חריגות בקרה חודשית על חריגות מלאי לחומרים מסוכנים שיש להם היתר חריגה מכמות ריכוז נתונים עבור חומרים מסוכנים על מנת לעמוד בדרישות החוק אחריות לקידום נושאי החומרים המסוכנים בין מוסדות הכללית והמשרד להגנת הסביבה ניהול פורומים למטרת העברת מידע בתחום החומרים המסוכנים למוסדות כללית מעקב אחר: תוקף ההיתר הרעלים, בעל ההיתר, אחראי רעלים ואחר החומרים ומשקלם בכל היתר ניהול גליונות בטיחות SDS באנגלית וגיליונות מקוצרים בעברית ביצוע משימות נוספות בהתאם להנחית המנהל להגנת הסביבה דרישות התפקיד: טכנאי/ת / הנדסאי/ת / אקדמאי/ת - עדיפות למדעי הסביבה תעודת הכשרה לממוני סביבה ולנושא חומרים מסוכנים ניסיון 3 שנים בעבודה עם חומרים מסוכנים עדיפות במערכת הבריאות בוגר/ת קורס בנושא רעלים וטיפול באירועים חריגים יכולת עבודה במערכות ממוחשבות כגון: SAP לוגיסטיקה, מחולל דוחות BW ידע וניסיון במערכות מיחשוב - תכנת office (excel , power point ) ידיעה טובה של השפה העברית ידיעה טובה של השפה האנגלית קריאה וכתיבה יחסי אנוש טובים ויכולת עבודה בצוות *תינתן עדיפות למועמדים/ות עם מוגבלויות"
אח/ות הוספיס בית ליחידות בבאר שבע ועומר,מחוז דרום,"באר שבע , עומר",2026-02-12,https://jobs.clalitapps.co.il/clalit/redmatch-apply/redmatch.apply.html?compPositionID=48996,אחים ואחיות,,"כללית מרחיבה את שירותיה ומזמינה אותך לגדול איתנו, אם את/ה מחפש/ת עבודה עם השפעה, נתינה ואתגר - מקומך איתנו! דרוש/ה אח/ות ליחידות הוספיס בבאר שבע ועומר יחידת הוספיס בית מטפלת בחולים סופניים במסגרת הבית במטרה לאזן סימפטומים ולשפר את איכות החיים של המטופלים ובני משפחותיהם אחות הוספיס בית היא חלק דומיננטי מהצוות הנותן מענה מקצועי ותמיכתי למטופל ולמשפחתו. יחד עם הצוות המטפל נבנית תוכנית טיפול המתאימה למטופל ולמשפחתו. האחות מרכזת את הטיפול הכוללני במטופל תוך שימוש מושכל במשאבים. דואגת לרצף טיפולי. מקשרת בן מטופל/צוות/משפחה. המענה הוא מתוכנן וכולל גם מענה 24/7. כמו כן האחות מהווה גורם מייעץ ומכוון לצוותים במרפאות הקהילה. פירוט תפקיד אחות הוספיס בית: תיאור התפקיד: ניהול הטיפול במטופל במצבים שיגרתיים ובמצבי חירום והפנייה לגורמי הטיפול הרלוונטים ביצוע אומדן, הערכה ובניית תוכנית טיפול מתאימה יחד עם הצוות המטפל ניהול טיפול תרופתי הפניית המטופל לגורמי טיפול מקצועיים רלוונטים איזון סימפטומים באמצעים תרופתיים ולא תרופתיים מתן מענה מקצועי בהיבט הפיזי והנפשי ושיפור איכות חייהם של המטופלים ובני משפחותיהם לווי המטופל ומשפחתו בשלבים המתקדמים והאחרונים של המחלה טיפול בחולה המורכב הכולל טיפול בנקזים, צנתרים, סטומות, פצעים ועוד תמיכה ולווי המשפחות בשלבי האבל הדרכת צוותים במרפאות הראשוניות, הדרכת סטודנטים לסיעוד/מתמחים ברפואת משפחה דרישות התפקיד: השכלה אקדמית (תואר ראשון) בסיעוד- חובה ניסיון קליני של 5 שנים לפחות - חובה רישיון נהיגה ורכב- חובה תעודת הכשרת על בסיסית באונקולוגיה ו/או מומחית קלינית בטיפול תומך - עדיפות יכולת תכנון וארגון יכולת הבעה בכתב ובע""פ יחסי אנוש טובים *תינתן עדיפות למועמדים/ות עם מוגבלויות"
מתאם/ת שירות מנהלי/ת למרפאות כללית במחוז דרום-בחצי משרה,מחוז דרום,"רוחמה, באר שבע",2026-02-12,https://jobs.clalitapps.co.il/clalit/redmatch-apply/redmatch.apply.html?compPositionID=48995,מנהל ומטה,,"רוצה עבודה עם שליחות ונתינה? בוא/י לעבוד איתנו! דרוש/ה מתאם/ת שירות מנהלי/ת בחצי משרה זמינות מיידית, נכונות ל-2 פיצולים בשבוע ויום שישי לסירוגין העבודה בשעות הבוקר החל מהשעה 7:30 תיאור התפקיד: מתן שירות פרונטלי וטלפוני ללקוחות המרפאה בנושאים אדמיניסטרטיביים קביעת תורים לרפואה ראשונית ויועצת והכוונת הלקוחות לשירותים הרפואיים המתאימים מתן מידע על זכויות המגיעות ללקוחות טיפול בנושאי גבייה והחזרים כספיים ללקוחות טיפול בקליטת לקוחות חדשים מתן שירות אדמיניסטרטיבי לגורמים בתוך המרפאה: רופאים, אחיות, רוקחים, ובעלי מקצוע נוספים שותפות בהשגה ובמימוש יעדי המרפאה בתחומי השירות, האיכות הרפואית, גיוס לקוחות, שיווק שירותים ועוד דרישות התפקיד: תעודת בגרות מלאה - חובה ניסיון בתפקידי שירות ומכירה - יתרון תודעת שירות גבוהה יחסי אנוש טובים, שיתוף פעולה בצוות ייצוגיות יכולת עבודה בסביבה ממוחשבת יכולת עבודה בתנאי לחץ ועומס שליטה בשפה העברית, שליטה בשפה נוספת - יתרון כושר הבעה גבוה בכתב ובע""פ *תינתן עדיפות למועמדים/ות עם מוגבלויות"
מתאם/ת שירות מנהלי/ת אקדמאי/ת למרפאות כללית במחוז דרום,מחוז דרום,"באר שבע, קריית גת, אשקלון, ביר הדאג",2026-02-12,https://jobs.clalitapps.co.il/clalit/redmatch-apply/redmatch.apply.html?compPositionID=48994,מנהל ומטה,,"אקדמאי/ת? כללית מחפשת אותך לתפקיד מתאם/ת שירות מנהלי/ת למרפאות במחוז דרום אופק לקידום והתפתחות למתאימים/ות תיאור התפקיד: מתן שירות פרונטלי וטלפוני ללקוחות המרפאה בנושאים אדמיניסטרטיביים קביעת תורים לרפואה ראשונית ויועצת, והכוונת הלקוחות לשירותים הרפואיים המתאימים מתן מידע על זכויות המגיעות ללקוחות, בהתאם לסל השירותים טיפול בנושאי גבייה והחזרים כספיים ללקוחות המרפאה טיפול בקליטת לקוחות חדשים במרפאה מתן שירות אדמיניסטרטיבי לגורמים בתוך המרפאה: רופאים, אחיות, רוקחים, ובעלי מקצוע נוספים שותפות בהשגה ובמימוש יעדי המרפאה בתחומי השירות, האיכות הרפואית, גיוס לקוחות, שיווק שירותים ועוד דרישות התפקיד: תואר אקדמי בניהול מערכות בריאות, כלכלה, תעשייה וניהול, מדעי החברה - חובה עבודה בפיצולים - חובה ניסיון בתפקידי שירות ומכירה - יתרון תודעת שירות גבוהה יחסי אנוש טובים, שיתוף פעולה בצוות יכולת עבודה בסביבה ממוחשבת יכולת עבודה בתנאי לחץ ועומס שליטה בשפה העברית, שליטה בשפה נוספת - יתרון כושר הבעה גבוה בכתב ובע""פ *תינתן עדיפות למועמדים/ות עם מוגבלויות"
מתאם/ת שירות מנהלי/ת  למרפאות כללית במחוז דרום,מחוז דרום,"באר שבע, קריית גת, שדרות, אשקלון",2026-02-12,https://jobs.clalitapps.co.il/clalit/redmatch-apply/redmatch.apply.html?compPositionID=48993,מנהל ומטה,,"רוצה עבודה עם שליחות ונתינה? בוא/י לעבוד איתנו למרפאות במחוז דרום דרוש/ה מתאם/ת שירות מנהלי/ת תיאור התפקיד: מתן שירות פרונטלי וטלפוני ללקוחות המרפאה בנושאים אדמיניסטרטיביים קביעת תורים לרפואה ראשונית ויועצת, והכוונת הלקוחות לשירותים הרפואיים המתאימים מתן מידע על זכויות המגיעות ללקוחות, בהתאם לסל השירותים טיפול בנושאי גבייה והחזרים כספיים ללקוחות המרפאה טיפול בקליטת לקוחות חדשים במרפאה מתן שירות אדמיניסטרטיבי לגורמים בתוך המרפאה: רופאים, אחיות, רוקחים, ובעלי מקצוע נוספים שותפות בהשגה ובמימוש יעדי המרפאה בתחומי השירות, האיכות הרפואית, גיוס לקוחות, שיווק שירותים ועוד דרישות התפקיד: תעודת בגרות מלאה - חובה ניסיון בתפקידי שירות ומכירה - יתרון תודעת שירות גבוהה יחסי אנוש טובים, שיתוף פעולה בצוות יכולת עבודה בסביבה ממוחשבת יכולת עבודה בתנאי לחץ ועומס שליטה בשפה העברית, שליטה בשפה נוספת - יתרון כושר הבעה גבוה בכתב ובע""פ *תינתן עדיפות למועמדים/ות עם מוגבלויות"
פקיד/ת מרפאה,מחוז מרכז,מודיעין,2026-02-12,https://jobs.clalitapps.co.il/clalit/redmatch-apply/redmatch.apply.html?compPositionID=48957,מנהל ומטה,,"למרפאה במודיעין דרוש/ה פקיד/ת מרפאה למשרה מלאה שעות עבודה: ימים א-ה משעה 7:30 המשרה כוללת 2 פיצולים בשבוע עד שעה 19:00 תיאור התפקיד: מתן שירות פרונטלי וטלפוני ללקוחות המרפאה בנושאים אדמיניסטרטיביים קביעת תורים לרפואה ראשונית ויועצת והכוונת הלקוחות לשירותים הרפואיים המתאימים מתן מידע על זכויות המגיעות ללקוחות בהתאם לסל השירותים טיפול בנושאי גבייה והחזרים כספיים ללקוחות המרפאה טיפול בקליטת לקוחות חדשים במרפאה מתן שירות אדמיניסטרטיבי לצוות הרפואי במרפאה שותפות בהשגה ובמימוש יעדי המרפאה בתחומי השירות, האיכות הרפואית, גיוס לקוחות, שיווק שירותים ועוד דרישות התפקיד: תעודת בגרות מלאה - חובה ניסיון בתפקידי שירות ומכירה - יתרון תודעת שירות גבוהה יחסי אנוש טובים, שיתוף פעולה בצוות יכולת עבודה בסביבה ממוחשבת יכולת עבודה בתנאי לחץ ועומס שליטה בשפה העברית, שליטה בשפה נוספת - יתרון כושר הבעה גבוה בכתב ובע""פ *תינתן עדיפות למועמדים/ות עם מוגבלויות"
רוקח/ת,מחוז שרון שומרון,עמנואל,2026-02-11,https://jobs.clalitapps.co.il/clalit/redmatch-apply/redmatch.apply.html?compPositionID=48954,רוקחות,,"למרפאה ייחודית ביישוב עמנואל דרוש/ה רוקח/ת לבית מרקחת ב- 75% משרה אנו מציעים גמישות, שכר מתגמל ותנאים מעולים תיאור התפקיד: ניפוק תרופות על פי מרשמים הניתנים על ידי הרופאים גביית תשלום עבור התרופות בהתאם לנהלים ביצוע ייעוץ רוקחי בדלפק - שימוש בתרופות ללקוחות ביצוע הדרכה רוקחית בפגישה פרטנית עם הלקוח ייעוץ ללקוחות בבחירת תרופות O.T.C והדרכתם לגבי השימוש בהן סיוע בארגון הלוגיסטי של בית המרקחת, אחסון וסידור התרופות על פי הכללים, סידור מדפים חיצוניים, תמחור ומענה טלפוני היכרות ועמידה בדרישות משרד הבריאות בהתנהלות בבית המרקחת תיתכן החלפת הרוקח האחראי במטלות מרפאתיות כגון: ישיבות צוות או פרויקטים מרפאתיים אחרים השתתפות בפרויקטים שהמרפאה מובילה בהתאם להחלטת הרוקח האחראי ביצוע מטלות נוספות בהתאם להנחיות הממונה דרישות התפקיד: השכלה אקדמית (תואר ראשון) ברוקחות רישיון עיסוק ברוקחות (משרד הבריאות) ידע מקצועי נרחב ידיעת השפה העברית על בורייה ידיעת השפה האנגלית כדי קריאת ספרות מקצועית יכולת עבודה בצוות יחסי אנוש טובים תודעת שירות *תינתן עדיפות למועמדים/ות עם מוגבלויות"
רוקח/ת,מחוז מרכז,רחובות,2026-02-09,https://jobs.clalitapps.co.il/clalit/redmatch-apply/redmatch.apply.html?compPositionID=48945,רוקחות,,"לבית מרקחת ברחובות דרוש/ה רוקח/ת למישרה חלקית/מלאה תיאור התפקיד: ניפוק תרופות על פי מרשמים הניתנים על ידי הרופאים גביית תשלום עבור התרופות בהתאם לנהלים ביצוע ייעוץ רוקחי בדלפק - שימוש בתרופות ללקוחות ביצוע הדרכה רוקחית בפגישה פרטנית עם הלקוח ייעוץ ללקוחות בבחירת תרופות O.T.C והדרכתם לגבי השימוש בהן סיוע בארגון הלוגיסטי של בית המרקחת, אחסון וסידור התרופות על פי הכללים, סידור מדפים חיצוניים, תמחור ומענה טלפוני היכרות ועמידה בדרישות משרד הבריאות בהתנהלות בבית המרקחת תיתכן החלפת הרוקח האחראי במטלות מרפאתיות כגון: ישיבות צוות או פרויקטים מרפאתיים אחרים השתתפות בפרויקטים שהמרפאה מובילה, בהתאם להחלטת הרוקח האחראי ביצוע מטלות נוספות בהתאם להנחיות הממונה דרישות התפקיד: השכלה אקדמית (תואר ראשון) ברוקחות רישיון עיסוק ברוקחות (משרד הבריאות) ידע מקצועי נרחב ידיעת השפה העברית על בורייה ידיעת השפה האנגלית כדי קריאת ספרות מקצועית יכולת עבודה בצוות יחסי אנוש טובים תודעת שירות *תינתן עדיפות למועמדים/ות עם מוגבלויות"
מנהל/ת שיווק ושירות מחוזי/ת,כללית,נתניה,2026-02-09,https://jobs.clalitapps.co.il/clalit/redmatch-apply/redmatch.apply.html?compPositionID=48946,מנהל ומטה,,"למחוז שרון שומרון דרוש/ה מנהל/ת שיווק ושירות כפיפות: הנהלת מחוז כפיפות מקצועית : סמנכ ""ל וראש חטיבת השירות והשיווק תיאור התפקיד: גיבוש תחזיות יעדים ותוכניות לפעילות השיווקית והשירותית במחוז ואחריות ליישומה בפועל אחריות לעמידה ביעדי מאזן לקוחות, יעדי שירות, יעדי תדמית ביצוע התאמה מקומית של האסטרטגיה השיווקית גיבוש תוכניות שיווק ושירות לערי המחוז ואחריות ליישומן והטמעתן אחריות להעלאת מודעות פנימית לנושאי שיווק ושירות ולהכנה והפצה חיצונית של מידע על הארגון ושירותיו אחריות על התקשורת השיווקית אחריות להנחיה מקצועית של צוותי המנהלות והמרפאות בתחומי האחריות - שיווק ושירות אחריות לקידום איכות השירות וחווית המטופל והטמעת תרבות ארגונית ממוקדת מטופל אחריות לתכנון מתווה תהליכים לעיצוב ושיפור חווית מטופל במחוז אחריות לניהול מוקדי קשרי לקוחות אחריות לניהול צוותים פנימיים וחיצוניים (מיקור חוץ) בתחומי האחריות - הנחיה, חלוקת מטלות, סיוע, הדרכה וביצוע בקרה אחר ביצועים טיפול בהיבטים מנהלתיים הכרוכים באחריות הכוללת על מערך השיווק והשירות במחוז חברות בפורום ההנהלה במוסד דרישות התפקיד: השכלה אקדמית (תואר ראשון) במינהל עסקים, ניהול מערכות בריאות, או הנדסת תעשיה וניהול, מדעי החברה. יתרון לתואר שני בתחומים אלו והתמחות בשיווק ניסיון קודם של 5 שנים ומעלה בניהול מערך שירות ושיווק רחב היקף ואינטגרטיבי ניסיון בתחום הבריאות ובארגון עצמו - יתרון ידע מקצועי נרחב ועדכני בתחומי השיווק והשירות ידע בתחום הבריאות - יתרון ידע בהפעלת מאגרי מידע ידע בהפעלת מערכות ותוכנות מחשב רלוונטיות ידיעת השפה העברית רצוי ידע של שפות זרות (אנגלית, רוסית, ערבית) ידע בהפעלת מחשב אישי יכולת ניהול וארגון יכולת הובלת שינויים מודעות לשיווק ושירות ראייה לטווח ארוך יכולת הנעת עובדים *תינתן עדיפות למועמדים/ות עם מוגבלויות"
עובד/ת מחסן ציוד רפואי,מרכז רפואי מאיר,שרון,2026-02-05,https://jobs.clalitapps.co.il/clalit/redmatch-apply/redmatch.apply.html?compPositionID=48456,מנהל ומטה,,"למרכז הרפואי מאיר דרוש/ה עובד/ת למחסן ציוד רפואי תיאור התפקיד: הנפקת טובין עפ""י תקן/דרישה: הכנת שובר ניפוק, ליקוט והעברת הטובין עפ""י נהלים, החתמת הלקוח על שוברי ניפוק וביצוע ניפוקי דלפק להשלמת חסרים ניהול מלאי המחסן עפ""י נהלים מקצועיים: ביצוע בדיקות קבלה כמותיות, איכותיות לתאימות ותקינות הטובין, הפרדת פריטים לא תקינים, וביצוע ספירות מלאי מדגמיות ועוד אחסון טובין עפ""י נהלים וכללים: סידור מדפים לפי איתור ו- FIFO , ארגון וסידור המחסן ושמירה על סדר וניקיון כולל שמירת מעברים פנויים ביצוע עבודה עפ""י נהלים: היכרות תיק הנהלים והוראות העבודה, התעדכנות וביצוע ריענון בשינויים דרישות התפקיד: השכלה תיכונית/מקצועית ניסיון של 3 חודשים בעבודות מחסן ידיעה טובה של השפה העברית והשפה האנגלית ברמה בסיסית תודעת שירות יכולת ומוטיבציה ללמידה הכרת מערכת ה- SAP - יתרון יכולת עבודה פיסית רישיון מלגזה - יתרון כושר ביטוי - בעל פה ובכתב יחסי אנוש טובים *תינתן עדיפות למועמדים/ות עם מוגבלויות"
פקיד/ת מרפאה,מחוז שרון שומרון,הרצליה,2026-02-05,https://jobs.clalitapps.co.il/clalit/redmatch-apply/redmatch.apply.html?compPositionID=48929,מנהל ומטה,,"למרפאת בריאות הנפש בהרצליה דרוש/ה פקיד/ה ב 75% משרה החלפה לחל""ד שלושה ימים בשבוע בין השעות 8-14 פעמים בשבוע בין השעות 12-18 ימי שישי לסירוגין 8-12 תיאור התפקיד: מתן שירות פרונטלי וטלפוני ללקוחות המרפאה בנושאים אדמיניסטרטיביים קביעת תורים לרפואה ראשונית ויועצת והכוונת הלקוחות לשירותים הרפואיים המתאימים מתן מידע על זכויות המגיעות ללקוחות, בהתאם לסל השירותים מתן שירות אדמיניסטרטיבי לגורמים בתוך המרפאה: רופאים, אחיות, ובעלי מקצוע נוספים שותפות בהשגה ובמימוש יעדי המרפאה בתחומי השירות, האיכות הרפואית, גיוס לקוחות, שיווק שירותים ועוד דרישות התפקיד: תעודת בגרות מלאה - חובה ניסיון בתפקידי שירות ומכירה - יתרון תודעת שירות גבוהה יחסי אנוש טובים, שיתוף פעולה בצוות יכולת עבודה בסביבה ממוחשבת יכולת עבודה בתנאי לחץ ועומס שליטה בשפה העברית, שליטה בשפה נוספת - יתרון כושר הבעה גבוה בכתב ובע""פ *תינתן עדיפות למועמדים/ות עם מוגבלויות"
אחים/ות לבריאות הנפש,מחוז דן פתח תקווה,בני ברק,2026-02-05,https://jobs.clalitapps.co.il/clalit/redmatch-apply/redmatch.apply.html?compPositionID=48926,אחים ואחיות,,"דרושים/ות אחים/ות למרפאות בריאות הנפש בקהילה תיאור התפקיד: מתן טיפול סיעודי כוללני בבריאות הנפש בקהילה, בראייה משולבת של גוף ונפש ניהול טיפול ( Case Management ) ותיאום גורמי טיפול שיחות יזומות למעקב וניטור מצב נפשי ותפקודי ביצוע ביקורי בית בהתאם לצורך קליני הנחיה והובלה של קבוצות טיפוליות/חינוכיות מעקב אחר טיפול תרופתי והדרכת מטופלים זיהוי מצבי סיכון והתערבות מוקדמת שמירה על רצף טיפולי בין קהילה, אשפוז ושיקום עבודה בממשק עם רפואה ראשונית, פסיכיאטריה וצוות רב־מקצועי הדרכת מטופלים ומשפחות תיעוד שוטף והשתתפות בישיבות צוות תרומה לאיכות הטיפול ועמידה ביעדים מקצועיים דרישות התפקיד: אח/ות מוסמך/ת עם רישיון בתוקף תואר ראשון בסיעוד הכשרה על־בסיסית בבריאות הנפש - יתרון ניסיון בבריאות הנפש ו/או בקהילה - יתרון יכולת ניהול טיפול ותכלול בין ממשקים תקשורת בינאישית גבוהה ויכולת עבודה בצוות יכולת עבודה עצמאית, תכנון וארגון שליטה בעברית וקריאת אנגלית מקצועית *תינתן עדיפות למועמדים/ות עם מוגבלויות"
סטודנט/ית לסיעוד,מחוז דן פתח תקווה,בני ברק,2026-02-04,https://jobs.clalitapps.co.il/clalit/redmatch-apply/redmatch.apply.html?compPositionID=48928,אחים ואחיות,,"דרוש/ה סטודנט/ית לסיעוד למחלקת עיניים ל - 25% משרה במרפאה מקצועית בבני ברק לעבודה בימים א/ה בוקר, א/ג אחה''צ, שעות וימים משתנים בהתאם לצורך דרישות התפקיד: שנה ב' *תינתן עדיפות למועמדים/ות עם מוגבלויות."
רכז/ת קשרי לקוחות במנהלת באר שבע,מחוז דרום,"באר שבע, נתיבות, אופקים וישובי הסביבה",2026-02-04,https://jobs.clalitapps.co.il/clalit/redmatch-apply/redmatch.apply.html?compPositionID=48686,מנהל ומטה,,"דרוש/ה רכז/ת קשרי לקוחות במנהלת באר שבע - מחוז דרום תיאור התפקיד : סיוע למרפאות בגיבוש והטמעה של תוכניות עבודה ולעמידה ביעדי מובילות שנקבעו ע""י מחלקת שיווק במחוז מעקב ועמידה ביעדי מאזן לקוחות במרפאות ובמינהלת ביצוע הדרכות פרטניות/ קבוצתיות בנושאי מובילות הפקת דוחות קצב ושיקוף לגורמים רלוונטים זיהוי פערי ידע אצל העובדים בתחומים מאזן הלקוחות, גיוס לקוחות לטובת איתור צרכי הדרכה וביצוע הדרכות בהתאם קשר ותיאום בנושא קשרי לקוחות מול כל הגורמים הרלוונטים במחוז (מרפאות מינהלת, מנהל קשרי לקוחות וכו') ליווי פרטני של מרפאות להגברת מודעות עובדים וגיבוש פתרונות מותאמים בהיבטי מאזן לקוחות הטמעת נהלים ושגרות עבודה בתחום המובילות ביצוע בקרה על ההטמעה בהתאם לרגולציה איסוף שוטף של מידע על הזדמנויות ואיומים ודיווח למנהל קשרי הלקוחות שיתוף מידע ע""י איתור מהלכים מוצלחים במרפאות בתחום המאזן והפצה ליתר מרפאות המינהלת דרישות התפקיד: השכלה אקדמית - תואר ראשון במינהל עסקים, מדעי החברה, מדעי הרוח, תקשורת, שיווק ניסיון של 3 שנים בעבודה עם נותני שירות בנקודות קצה, רצוי במרפאות עדיפות לבעל/ת ניסיון בתחומי העיסוק ידע מקצועי בתחומי שירות ושיווק ידע בתפעול מערכות מידע ומחשוב רלוונטיות לעיסוק כישורים בינאישיים טובים מאוד יכולות ניהול ראיה מערכתית רחבה יכולת ביטוי וניסוח בכתב ובע""פ נכונות לעבודה בשעות גמישות ידיעת השפה העברית על בורייה רישיון נהיגה (02) נכונות לנסיעות מרובות - חובה (התפקיד כולל רכב) *תינתן עדיפות למועמדים/ות עם מוגבלויות"
טכנולוג/ית ריאה,מחוז ירושלים,ירושלים - רוממה,2026-02-04,https://jobs.clalitapps.co.il/clalit/redmatch-apply/redmatch.apply.html?compPositionID=48917,טכנולוגיות רפואיות,,"למרפאה ברוממה דרוש/ה טכנולוג/ית ריאה תיאור התפקיד: הכנת המכשור הרפואי לפעולה, כיולו וחיבורו ביצוע בדיקות אבחנתיות או טיפוליות באמצעות המיכשור הרפואי ובהתאם להנחיות רופא. עריכת המידע המתקבל מהמכשיר הרפואי ועיבוד תוצאותיו טיפול שגרתי ותקופתי במכשור הרפואי, שמירה על תקינותו והכנתו לשימוש, למען בטיחותם המרבית של המטופל והצוות השתתפות בהגדרת הצרכים והדרישות להזמנות ולניהול המלאי מתן הדרכה והכשרה מקצועית לצוותים הרפואיי, ולטכנולוגים רפואיים מתמחים בנושא הציוד הרפואי השתתפות בהשתלמויות מקצועיות בנושאי המיכשור הרפואי ותחומי הרפואה הרלוונטיים דרישות התפקיד תואר הנדסאי/ת טכנולוגיה רפואית ממוסד מוכר סטאז' בתחום תפקודי ריאה - חובה ידיעת השפה העברית על בורייה תודעת שירות יחסי אנוש טובים ויכולת עבודה בצוות יכולת למידה והתמקצעות *תינתן עדיפות למועמדים/ות עם מוגבלויות"
רוקח/ת,מחוז חיפה וגליל מערבי,"נהריה, עכו, כרמיאל והסביבה",2026-02-04,https://jobs.clalitapps.co.il/clalit/redmatch-apply/redmatch.apply.html?compPositionID=48912,רוקחות,,"לבתי מרקחת בנהריה, עכו, כרמיאל והסביבה דרושים/ות רוקחים/ות תיאור התפקיד: ניפוק תרופות על פי מרשמים הניתנים על ידי הרופאים גביית תשלום עבור התרופות בהתאם לנהלים ביצוע ייעוץ רוקחי בדלפק - שימוש בתרופות ללקוחות ביצוע הדרכה רוקחית בפגישה פרטנית עם הלקוח ייעוץ ללקוחות בבחירת תרופות O.T.C והדרכתם לגבי השימוש בהן סיוע בארגון הלוגיסטי של בית המרקחת, אחסון וסידור התרופות על פי הכללים, סידור מדפים חיצוניים, תמחור ומענה טלפוני היכרות ועמידה בדרישות משרד הבריאות בהתנהלות בבית המרקחת תיתכן החלפת הרוקח האחראי במטלות מרפאתיות כגון: ישיבות צוות או פרויקטים מרפאתיים אחרים השתתפות בפרויקטים שהמרפאה מובילה, בהתאם להחלטת הרוקח האחראי ביצוע מטלות נוספות בהתאם להנחיות הממונה דרישות התפקיד: השכלה אקדמית (תואר ראשון) ברוקחות רישיון עיסוק ברוקחות (משרד הבריאות) ידע מקצועי נרחב ידיעת השפה העברית על בורייה ידיעת השפה האנגלית כדי קריאת ספרות מקצועית יכולת עבודה בצוות יחסי אנוש טובים תודעת שירות *תינתן עדיפות למועמדים/ות עם מוגבלויות"
פרח רוקחות,מרכז שניידר לרפואת ילדים בישראל,פתח תקווה,2026-02-04,https://jobs.clalitapps.co.il/clalit/redmatch-apply/redmatch.apply.html?compPositionID=48911,אחזקה ולוגיסטיקה,,"למרכז שניידר לרפואת ילדים דרוש/ה פרח רוקחות - עובד/ת טכני/ת בבית מרקחת 50% משרה- א'-ה' 08:00-12:00 תיאור התפקיד: ניהול מלאי תרופות - ספירת מלאי, בקרה שוטפת וסידור התרופות, עדכון מלאי וניהול רישומי מעקב תנאי אחסון במערכת ממוחשבת, ביצוע הזמנות כנדרש בפיקוח הרוקחים מתן שירות ומענה טלפוני למחלקות בית החולים, סיוע טכני לרוקחים, סיוע אדמיניסטרטיבי לצוות בית המרקחת דרישות התפקיד: 12 שנות לימוד ידיעת השפה העברית - רמה טובה ידיעת השפה האנגלית - קריאה דייקנות ואחריות ניסיון בעבודה בסביבה ממוחשבת ורב ממשקית יכולת עבודה בצוות ויחסי אנוש טובים תודעת שירות גבוהה *תינתן עדיפות למועמדים/ות עם מוגבלויות"
עובד/ת סוציאלי/ת למכוני התפתחות הילד,מחוז תל אביב יפו,"בת ים, חולון, יפו",2026-02-03,https://jobs.clalitapps.co.il/clalit/redmatch-apply/redmatch.apply.html?compPositionID=48615,עבודה סוציאלית,,"למכוני התפתחות הילד בת-ים, יפו, וחולון דרושים עובדים סוציאלים. אפשרות להיקף משרה 50% - 100% יום עבודה אחד בשבוע אחה""צ - חובה תיאור התפקיד: מתן טיפול סוציאלי פרטני, משפחתי או קבוצתי למטופלים ו/או משפחותיהם, הזקוקים לסיוע בתחום האישי, החברתי, הכלכלי והנפשי ייזום או קבלת הפניות ממקורות שונים כגון צוות רפואי, מוסדות רפואיים, קהילה ואחרים, לגבי הנזקקים לטיפול קשר עם גורמים קהילתיים לצורך סיוע והנגשת זכויות למטופל הוצאה לפועל של תוכנית הטיפול שהותוותה תוך תיאום עם הגורמים הרלוונטים וקשר שוטף עם הצוות הרב מקצועי ביחידה מעקב אחר ביצוע תוכנית הטיפול דרישות התפקיד : תואר שני בעבודה סוציאלית רישיון עיסוק בעבודה סוציאלית ניסיון בטיפול בילדים/הדרכת הורים ניסיון בהתפתחות הילד במערכת הבריאות - יתרון שליטה מלאה בשפה העברית שליטה בשפה האנגלית כדי קריאת ספרות מקצועית יכולת עבודה בצוות יחסי אנוש מעולים *תינתן עדיפות למועמדים/ות עם מוגבלויות תנאים מצוינים!"
פקיד/ת מרפאה במעלה אדומים,מחוז ירושלים,מעלה אדומים,2026-02-03,https://jobs.clalitapps.co.il/clalit/redmatch-apply/redmatch.apply.html?compPositionID=47143,מנהל ומטה,,"דרוש/ה פקיד/ה למרפאה במעלה אדומים להיקף משרה חלקי 75%-50% (20-30 ש""ש) תיאור התפקיד: מתן שירות פרונטלי וטלפוני ללקוחות המרפאה בנושאים אדמיניסטרטיביים קביעת תורים לרפואה ראשונית ויועצת והכוונת הלקוחות לשירותים הרפואיים המתאימים מתן מידע על זכויות המגיעות ללקוחות בהתאם לסל השירותים טיפול בנושאי גבייה והחזרים כספיים ללקוחות המרפאה מתן שירות אדמיניסטרטיבי לגורמים במרפאה: רופאים, אחיות, רוקחים, ובעלי מקצוע נוספים מועמדים/ות מתאימים/ות יעברו תהליך מיון הכולל ראיונות, מבחני מחשב ומרכז הערכה דרישות התפקיד: תעודת בגרות מלאה - חובה ניסיון בתפקידי שירות ומכירה - יתרון תודעת שירות גבוהה יחסי אנוש טובים, שיתוף פעולה בצוות יכולת עבודה בסביבה ממוחשבת ובתנאי לחץ ועומס *תינתן עדיפות למועמדים/ות עם מוגבלויות"
מזכיר/ה רפואי/ת,מרכז רפואי מאיר,שרון,2026-02-03,https://jobs.clalitapps.co.il/clalit/redmatch-apply/redmatch.apply.html?compPositionID=48900,מנהל ומטה,,"למרכז רפואי מאיר בכפר סבא דרוש/ה מזכיר/ה רפואי/ת - החלפה לחל""ד משרה מלאה ימים א-ה תיאור התפקיד: אחריות לטיפול מנהלי שוטף בתיעוד הרפואי של מאושפזים מקבלתם למחלקה ועד שיחרורם רישום וקידוד נתוני טיפול ובדיקות, עדכון יומן המחלקה ועוד תיאום וניהול אדמיניסטרטיבי של הפעילות האמבולטורית תיאום פגישות, תיאום תורים, הזמנת שירותים, העברת מידע ומסמכים וכד' טיפול בנושאים כלליים של מזכירות ומנהלה הכרוכים בתפעול שוטף של המחלקה - קשרי עבודה בתוך המוסד ומחוצה לו, טלפונים, תכתובת, דואר, תיוק, הקלדה, סיוע משרדי לסגל ולמנהל ועוד מתן מענה וטיפול בפניות של לקוחות או גורמים אחרים, במידע או בנושאים מנהליים שונים אחריות לתקינות ותחזוקה של ציוד משרדי ולמלאי של ציוד וחומרי משרד עבודה במספר מחלקות אשפוז על פי צורך דרישות התפקיד: השכלה תיכונית מלאה- תעודת בגרות תעודת מזכירות רפואית- חובה ידיעת השפה העברית על בוריה ושליטה חלקית בשפה האנגלית ידע בתוכנות OFFICE הכרה של נהלים ותקנות (בתחומים המתאימים) כושר ביטוי בעל פה ובכתב יחסי אנוש טובים *תינתן עדיפות למועמדים/ות עם מוגבלויות"
רוקח/ת אחראי/ת,מחוז ירושלים,"בית""ר עלית",2026-01-28,https://jobs.clalitapps.co.il/clalit/redmatch-apply/redmatch.apply.html?compPositionID=48139,רוקחות,,"דרוש/ה רוקח/ת אחראי/ת - למרפאה בבית""ר עלית תיאור התפקיד: ניהול צוות עובדי בית המרקחת כולל ישיבות צוות וניהול משמרות אחריות על מלאים, בקרה על תהליכים שונים בתוך ביה""מ ניפוק תרופות על פי מרשמים הניתנים על ידי הרופאים גביית תשלום עבור התרופות בהתאם לנהלים ביצוע ייעוץ רוקחי בדלפק - שימוש בתרופות ללקוחות ביצוע הדרכה רוקחית בפגישה פרטנית עם הלקוח ייעוץ ללקוחות בבחירת תרופות O.T.C והדרכתם לגבי השימוש בהן סיוע בארגון הלוגיסטי של בית המרקחת, אחסון וסידור התרופות על פי הכללים, סידור מדפים חיצוניים, תמחור ומענה טלפוני היכרות ועמידה בדרישות משרד הבריאות בהתנהלות בבית המרקחת השתתפות בפרויקטים מרפאתיים ביצוע מטלות נוספות בהתאם להנחיות הממונה דרישות התפקיד: השכלה אקדמית (תואר ראשון) ברוקחות רישיון עיסוק ברוקחות (משרד הבריאות) ידע מקצועי נרחב יכולת להשתמש בספרות מקצועית כדי למידה ומתן ייעוץ ידיעת השפה העברית על בורייה ידיעת השפה האנגלית כדי קריאת ספרות מקצועית יכולת עבודה בצוות יחסי אנוש טובים תודעת שירות *תינתן עדיפות למועמדים/ות עם מוגבלויות"
פקיד/ה במערך האישורים,מחוז ירושלים,"שכונת נחלאות, ירושלים",2026-01-27,https://jobs.clalitapps.co.il/clalit/redmatch-apply/redmatch.apply.html?compPositionID=48885,מנהל ומטה,,"דרוש/ה פקיד/ה במערך האישורים בנחלאות תפקיד חוצה מחוז, טיפול בקשת רחבה של נושאים וממשקים עם בעלי תפקידים רבים במחוז מוקד עם צוות דינאמי ואווירה משפחתית משרה מלאה עם אפשרות לשעות נוספות, עבודה במשמרות: 3-4 פעמים בשבוע בוקר 7:30-16:00 פעם-פעמיים בשבוע משמרת ערב 11:00-19:00 עד פעמיים בחודש ימי שישי 7:30-12:00 תיאור התפקיד: מענה טלפוני - תוך התמודדות עם עומס שיחות עבודה עם מערכת מסר וסיוע למרפאות המחוז בבקשות, אישורים ועוד שותפות מלאה ועזרה לכלל הצוות השתתפות חברתית פעילה לגיבוש הצוות המוקד בשכונת נחלאות שכר שעתי 42 ש""ח (לבעלי תואר אקדמי 45 ש""ח לשעה) + נסיעות העסקה ראשונית דרך חברת כ""א למשך כ-8 חודשים, לאחר מכן עבודה כעובד/ת כללית דרישות התפקיד: בגרות מלאה/חוצים מלאים ידיעת השפה העברית על בוריה יחסי אנוש מעולים, שמחת חיים ואנרגיות חיוביות נמרצות, עמידה במצבי לחץ מוסר עבודה גבוה מועמדים/ות מתאימים/ות יעברו תהליך מיון הכולל ראיונות ומבחן מחשב *תינתן עדיפות למועמדים/ות עם מוגבלויות"
עובד/ת מעבדה למרכז סרכוז,מחוז ירושלים,"הר חוצבים, ירושלים",2026-01-26,https://jobs.clalitapps.co.il/clalit/redmatch-apply/redmatch.apply.html?compPositionID=47998,מעבדות רפואיות,,"דרוש/ה עובד/ת מעבדה במערך המעבדות בהר חוצבים העבודה במרכז סרכוז בהיקף של חצי משרה בשעות הבוקר (09:00 עד 13:00) בימי א' עד ה' המעבדה עוסקת בקליטת דגימות מהגורמים המפנים וטיפול פרה-אנליטי על פי נהלי המעבדה דרישות התפקיד: תואר ראשון תעודת הכרה במעמד עובד מעבדה רפואית אקדמאי (רשיון עיסוק) מטעם משרד הבריאות. ידיעת השפה העברית על בוריה. דייקנות, מסירות, סדר וארגון. *תינתן עדיפות למועמדים/ות עם מוגבלויות"
עמית/ה מומחה/ית,מרכז לבריאות הנפש גהה,פתח תקווה,2026-01-21,https://jobs.clalitapps.co.il/clalit/redmatch-apply/redmatch.apply.html?compPositionID=48867,מנהל ומטה,,"המרכז לבריאות הנפש גהה מגייס עמית/ה מומחה/ית למחלקות פתוחה וסגורה התפקיד כולל לווי מטופלים בשלבי האשפוז השונים, עזרה במיצוי זכויות ולווי בתהליכי החלמה ושיקום הקף המשרה: 50%, שלושה ימי עבודה, יום ג' הינו יום חובה הכולל השתתפות בישיבות צוות דרישות התפקיד: ניסיון תעסוקתי של לפחות שנתיים במסגרות שיקום ניסיון מקצועי לשימוש בידע מניסיון כחלק מתהליכי הליווי של מטופלים תינתן עדיפות לבוגרי/ות קורס פרקטיקה מקצועית של ידע מניסיון או קורס הכשרה רלוונטי של בי""ס לשיקום יכולת עבודה בצוות רב מקצועי *תינתן עדיפות למועמדים/ות עם מוגבלויות"
פקיד/ת מרפאה,מחוז מרכז,שוהם,2026-01-21,https://jobs.clalitapps.co.il/clalit/redmatch-apply/redmatch.apply.html?compPositionID=48865,מנהל ומטה,,"למרפאה בשוהם דרוש/ה פקיד/ת מרפאה למשרה זמנית תחילת עבודה בשעה 7:30 בבוקר פעמיים בשבוע פיצול 7:30-13:00, 16:00-19:00 תיאור התפקיד: מתן שירות פרונטלי וטלפוני ללקוחות המרפאה בנושאים אדמיניסטרטיביים קביעת תורים לרפואה ראשונית ויועצת והכוונת הלקוחות לשירותים הרפואיים המתאימים מתן מידע על זכויות המגיעות ללקוחות בהתאם לסל השירותים טיפול בנושאי גבייה והחזרים כספיים ללקוחות המרפאה טיפול בקליטת לקוחות חדשים במרפאה מתן שירות אדמיניסטרטיבי לגורמים בתוך המרפאה: רופאים, אחיות, רוקחים, ובעלי מקצוע נוספים שותפות בהשגה ובמימוש יעדי המרפאה בתחומי השירות, האיכות הרפואית, גיוס לקוחות, שיווק שירותים ועוד דרישות התפקיד: תעודת בגרות מלאה - חובה ניסיון בתפקידי שירות ומכירה - יתרון תודעת שירות גבוהה יחסי אנוש טובים, שיתוף פעולה בצוות יכולת עבודה בסביבה ממוחשבת יכולת עבודה בתנאי לחץ ועומס שליטה בשפה העברית, שליטה בשפה נוספת - יתרון כושר הבעה גבוה בכתב ובע""פ *תינתן עדיפות למועמדים/ות עם מוגבלויות"
"למרפאות הכללית באשדוד, דרושים/ות פקידי/ות מרפאה למשרה קבועה",מחוז מרכז,אשדוד,2026-01-20,https://jobs.clalitapps.co.il/clalit/redmatch-apply/redmatch.apply.html?compPositionID=48855,מנהל ומטה,,"למרפאות באשדוד דרושים/ות פקידי/ות מרפאה למשרה קבועה. קליטה כעובד/ת כללית החל מהיום הראשון. פניות למלאה/ חלקית תחילת עבודה בשעה 7:30 בבוקר פעמיים בשבוע פיצול 7:30-13:00, 16:00-19:00 תיאור התפקיד: מתן שירות פרונטלי וטלפוני ללקוחות המרפאה בנושאים אדמיניסטרטיביים קביעת תורים לרפואה ראשונית ויועצת והכוונת הלקוחות לשירותים הרפואיים המתאימים מתן מידע על זכויות המגיעות ללקוחות בהתאם לסל השירותים טיפול בנושאי גבייה והחזרים כספיים ללקוחות המרפאה טיפול בקליטת לקוחות חדשים במרפאה מתן שירות אדמיניסטרטיבי לגורמים בתוך המרפאה: רופאים, אחיות, רוקחים, ובעלי מקצוע נוספים שותפות בהשגה ובמימוש יעדי המרפאה בתחומי השירות, האיכות הרפואית, גיוס לקוחות, שיווק שירותים ועוד דרישות התפקיד: תעודת בגרות מלאה - חובה ניסיון בתפקידי שירות ומכירה - יתרון תודעת שירות גבוהה יחסי אנוש טובים, שיתוף פעולה בצוות יכולת עבודה בסביבה ממוחשבת יכולת עבודה בתנאי לחץ ועומס שליטה בשפה העברית, שליטה בשפה נוספת - יתרון כושר הבעה גבוה בכתב ובע""פ *תינתן עדיפות למועמדים/ות עם מוגבלויות"
רכז/ת פרט ושכר,מחוז דן פתח תקווה,בני ברק,2026-01-20,https://jobs.clalitapps.co.il/clalit/redmatch-apply/redmatch.apply.html?compPositionID=48806,מנהל ומטה,,"למחלקת משאבי אנוש במחוז דרוש/ה רכז/ת פרט ושכר תיאור התפקיד: טיפול כוללני בעובד מקליטתו ועד פרישתו טיפול בעדכונים שוטפים בתחומי כ""א ושכר של העובד (כגון: קרנות השתלמות פנסיה, שעות נוספות, תנאים סוציאליים, החזר הוצאות ונושאי פרט נוספים) מתן שרות לעובדים הפונים לבירורים במחלקת משאבי אנוש הפקת דוחות ותלושי שכר מעקב אחר ביצוע תשלומים וזיכויים ביצוע בקרה ומעקב טיפול בבירורים בנושא זכאויות שכר דרישות המשרה השכלה אקדמית (תואר ראשון) - חובה ניסיון בתפקיד דומה - חובה תעודת חשבי שכר.- יתרון יחסי אנוש טובים, תודעת שירות גבוהה, יכולת התמודדות עם קונפליקטים ועבודה בשיתוף פעולה ידיעת השפה העברית על בוריה יכולת ניהול משימות, ארגון וסדר * תינתן עדיפות למועמדים/ות עם מוגבלויות"
פקידי/ות מרפאה,מחוז מרכז,"ראשון לציון, נס ציונה",2026-01-20,https://jobs.clalitapps.co.il/clalit/redmatch-apply/redmatch.apply.html?compPositionID=48850,מנהל ומטה,,"למרפאות בראשון לציון ונס-ציונה דרושים/ות פקידי/ות מרפאה למשרה מלאה קליטה לכללית החל מהיום הראשון תחילת עבודה בשעה 07:30 פעמיים בשבוע מפוצל 07:30-13:00 16:00-19:00 תיאור התפקיד: מתן שירות פרונטלי וטלפוני ללקוחות המרפאה בנושאים אדמיניסטרטיביים קביעת תורים לרפואה ראשונית ויועצת והכוונת הלקוחות לשירותים הרפואיים המתאימים מתן מידע על זכויות המגיעות ללקוחות בהתאם לסל השירותים טיפול בנושאי גבייה והחזרים כספיים ללקוחות המרפאה טיפול בקליטת לקוחות חדשים במרפאה מתן שירות אדמיניסטרטיבי לגורמים בתוך המרפאה: רופאים, אחיות, רוקחים, ובעלי מקצוע נוספים שותפות בהשגה ובמימוש יעדי המרפאה בתחומי השירות, האיכות הרפואית, גיוס לקוחות, שיווק שירותים ועוד דרישות התפקיד: תעודת בגרות מלאה - חובה ניסיון בתפקידי שירות ומכירה - יתרון תודעת שירות גבוהה יחסי אנוש טובים, שיתוף פעולה בצוות יכולת עבודה בסביבה ממוחשבת יכולת עבודה בתנאי לחץ ועומס שליטה בשפה העברית, שליטה בשפה נוספת - יתרון כושר הבעה גבוה בכתב ובע""פ *תינתן עדיפות למועמדים/ות עם מוגבלויות"
מהנדס/ת מכונות,מרכז שניידר לרפואת ילדים בישראל,פתח תקווה,2026-01-20,https://jobs.clalitapps.co.il/clalit/redmatch-apply/redmatch.apply.html?compPositionID=48829,הנדסה וטכנולוגיה,,"למרכז שניידר לרפואת ילדים דרוש/ה מהנדס/ת מכונות משרה מלאה א'-ה' נכונות למשמרות בוקר/ערב וסופי שבוע תיאור התפקיד : אחריות על מגוון נושאים הנדסיים ביחידת האחזקה, בתיאום עם המהנדס הראשי ייעוץ למהנדס הראשי בתחום המקצועי אחריות לביצוע תוכניות העבודה השנתיות באופן מקצועי וקביעת סדרי עדיפויות למול לוחות זמינים לביצוע ניהול פרויקטים בתחום מיזוג אוויר, מערכות מים, מערכות אלקטרומכניות מדחסים, משאבות מים וואקום (גזים רפואיים) אחריות ליצירת קשר עם קבלני חוץ ופיקוח על ביצוע ואישור גמר עבודה תיאום וליווי יועצים, מתכננים חיצוניים וקבלה של ציוד ובניה חדשה השתתפות בוועדות מקצועיות הכנת אומדנים ותקצוב ודיווח לממונים לקיחת יוזמות בפעילויות טכניות שונות ביצוע תפקידים נוספים לפי דרישת הממונים דרישות התפקיד : השכלה אקדמית (תואר ראשון) בהנדסת מכונות רישום בפנקס המהנדסים והאדריכלים ניסיון של 3 שנים בתחום הרלוונטי שליטה מלאה בשפה העברית כולל כתיבה והגשת דיווחים ידיעת השפה האנגלית כדי קריאת חומר טכני *תינתן עדיפות למועמדים/ות עם מוגבלויות"
עובד/ת סוציאלי/ת קליני/ת,מחוז דן פתח תקווה,בני ברק,2026-01-15,https://jobs.clalitapps.co.il/clalit/redmatch-apply/redmatch.apply.html?compPositionID=48170,עבודה סוציאלית,,"דרוש/ה עובד/ת סוציאלי/ת קליני/ת למרפאת התמכרויות במבוגרים ולמרפאת התמכרויות ילדים ונוער מרפאות בריאות הנפש לילדים, נוער ומבוגרים מרחיבות את שורותיהן ומזמינות עובדים/ות סוציאליים בעלי מוטיבציה ורגישות גבוהה להצטרף לצוות מקצועי ומסור בתחום הטיפול בהתמכרויות. תיאור התפקיד: טיפול פרטני, משפחתי וקבוצתי בתחום ההתמכרויות (חומרים, מסכים, הימורים ועוד) עבודה בצוות רב מקצועי שותפות בבניית תוכנית טיפול ושילוב גורמי קהילה דרישות התפקיד: תואר שני בעבודה סוציאלית בוגרי בית הספר לפסיכותרפיה - יתרון משמעותי ניסיון בטיפול בהתמכרויות - חובה יכולת עבודה בצוות, אחריות ומחויבות גבוהה היקף משרה: 50% מיקום: בני ברק, רמת גן מובטחת הדרכה פרטנית, הדרכה קבוצתית למידה והתפתחות מקצועית *תינתן עדיפות למועמדים/ות עם מוגבלויות"
אחים/ות,מחוז דן פתח תקווה,"מחוז דן פ""ת",2026-01-15,https://jobs.clalitapps.co.il/clalit/redmatch-apply/redmatch.apply.html?compPositionID=47013,אחים ואחיות,,"דרושים/ות אחים/ות מוסמכים/ות למרפאה ראשונית תיאור התפקיד: קבלת מטופלים למרפאה ותכנון הטיפול הסיעודי - אומדן, תכנון, ביצוע והערכה, לרבות הדרכה ואוריינטציה של המטופל ריכוז הטיפול תוך שיתוף גורמים מקצועיים רלוונטיים (רופא, עו""ס, דיאטנית, פיזיותרפיסט, ועוד), לרבות הדרכה והנחיית המטופלים ובני משפחותיהם מתן טיפול סיעודי בהתאם לצרכים ולהנחיות רפואיות: ביצוע בדיקות, מתן תרופות, התערבות סיעודית נדרשת על פי מצב המטופל סיוע לרופאים ויישום הוראות רפואיות: הכנת ציוד, מתן תרופות, סיוע ישיר בפעולות שונות לרבות הכנה והדרכת המטופל, הכנת הציוד, ניטור ודיווח תיעוד ודיווח בכתב ובעל פה על מטופלים והטיפול בהם ביצוע תחזוקה שוטפת של טכנולוגיות רפואיות ומתכלים במרפאה, כולל: זיהוי תקלות שונות, ניהול מלאי, טיפול בהתראות והפנייה לגורם המתאים תיאום הטיפול עם גורמים מקצועיים רלוונטיים מחוץ למרפאה (בית חולים או קהילה), כולל העברה ליחידה אחרת, דגימות למעבדה, בדיקות אחרות והדרכת החולה ובני משפחתו התעדכנות בידע, מיומנות וחידושים טכנולוגיים והעשרה מקצועית באמצעות: ספרות מקצועית, ימי עיון, השתלמויות, כנסים, מחקרים ועוד ביסוס הטיפול על ידע עדכני וחידושים טכנולוגיים דרישות התפקיד: השכלה באֲחָיוּת - בוגרי/ות בי""ס לאֲחָיוּת רצוי תואר ראשון באֲחָיוּת או בניהול מערכות בריאות רישוי עבודה כאח/ות מוסמך/ת (תעודת רישום) ידיעת השפה העברית, ידיעת אנגלית (כדי קריאת ספרות מקצועית) יחסי אנוש תקינים יכולות הדרכה, עמידה בלחצים יכולת עבודה ושיתוף פעולה בצוות *תינתן עדיפות למועמדים/ות עם מוגבלויות"
פקיד/ת מרפאה - דובר/ת צרפתית,מחוז שרון שומרון,אור עקיבא,2026-01-15,https://jobs.clalitapps.co.il/clalit/redmatch-apply/redmatch.apply.html?compPositionID=48816,מנהל ומטה,,"למרפאה באור עקיבא דרוש/ה פקיד/ת מרפאה - דובר/ת צרפתית, ב 50% משרה תיאור התפקיד: מתן שירות פרונטלי וטלפוני ללקוחות המרפאה בנושאים אדמיניסטרטיביים קביעת תורים לרפואה ראשונית ויועצת והכוונת הלקוחות לשירותים הרפואיים המתאימים מתן מידע על זכויות המגיעות ללקוחות בהתאם לסל השירותים טיפול בנושאי גבייה והחזרים כספיים ללקוחות המרפאה טיפול בקליטת לקוחות חדשים במרפאה מתן שירות אדמיניסטרטיבי לגורמים בתוך המרפאה: רופאים, אחיות, רוקחים, ובעלי מקצוע נוספים שותפות בהשגה ובמימוש יעדי המרפאה בתחומי השירות, האיכות הרפואית, גיוס לקוחות, שיווק שירותים ועוד דרישות התפקיד: תעודת בגרות מלאה - חובה ניסיון בתפקידי שירות ומכירה - יתרון תודעת שירות גבוהה יחסי אנוש טובים, שיתוף פעולה בצוות יכולת עבודה בסביבה ממוחשבת יכולת עבודה בתנאי לחץ ועומס שליטה בשפה העברית, שליטה בשפה נוספת - יתרון כושר הבעה גבוה בכתב ובע""פ *תינתן עדיפות למועמדים/ות עם מוגבלויות"
עובד/ת סוציאלי/ת למחלקת ילדים,מרכז רפואי אוניברסיטאי סורוקה,באר שבע,2026-01-15,https://jobs.clalitapps.co.il/clalit/redmatch-apply/redmatch.apply.html?compPositionID=48818,עבודה סוציאלית,,"למרכז הרפואי סורוקה עובד/ת סוציאלי/ת למחלקה אונקולוגית ילדים - משרה זמנית עם אפשרות להארכה תיאור התפקיד: מתן טיפול סוציאלי פרטני, משפחתי או קבוצתי למטופלים ו/או משפחותיהם, הזקוקים לסיוע בתחום האישי, החברתי, הכלכלי והנפשי כתוצאה ממחלה, בשיטות טיפול מקצועיות הנהוגות בעבודה סוציאלית. ייזום או קבלת הפניות ממקורות שונים כגון צוות רפואי, מוסדות רפואיים, קהילה ואחרים, לגבי הנזקקים לטיפול בנושאים הקשורים בחולי ובריאות. קשר עם גורמים קהילתיים לצורך סיוע והנגשת זכויות למטופל בתחומים הרלוונטיים. הוצאה לפועל של תוכנית הטיפול שהותוותה, תוך תיאום עם הגורמים הרלוונטיים, וקיום קשר שוטף עם הצוות הרב מקצועי במחלקה, ביחידה ובבית החולים. מעקב אחר ביצוע תוכנית הטיפול דרישות התפקיד: תואר ראשון לפחות בעבודה סוציאלית, תואר שני - יתרון רישיון עיסוק בעבודה סוציאלית ניסיון קודם בעבודה סוציאלית במערכת הבריאות - יתרון יכולת בין אישיות טובות, ויכולת עבוד בצוות * תינתן עדיפות למועמדים/ות בעלי/ות מוגבלויות"
מרפא/ה בעיסוק למערך בריאות הנפש,מרכז רפואי אוניברסיטאי סורוקה,באר שבע,2026-01-15,https://jobs.clalitapps.co.il/clalit/redmatch-apply/redmatch.apply.html?compPositionID=48815,ריפוי בעיסוק,,"למרכז הרפואי סורוקה דרוש/ה מרפא/ה בעיסוק למערך בריאות הנפש תיאור התפקיד: ביצוע פעילות מקצועית שוטפת: אבחון והערכה, קביעת תוכנית התערבות מקצועית, טיפול, ייעוץ והדרכה למטופל ולמשפחתו ייצוג מקצוע הריפוי בעיסוק וייעוץ לגורמי טיפול נוספים - במסגרת צוות רב מקצועי או במסגרות אחרות בקהילה ובבתי החולים של כללית הכשרה ופיתוח מקצועי לצורך רכישת ידע ומיומנויות עדכניים השתתפות בישיבות צוות ובקבוצות ללמידת עמיתים אפשרות להשתתפות בקבוצות מחקר בריפוי בעיסוק ובמגוון תחומים ברפואה אפשרות להשתתפות בצוותים חוצי ארגון, העוסקים בפיתוח תכניות התערבות חדשניות דרישות התפקיד: תואר ראשון (לפחות) בריפוי בעיסוק תעודת מרפא/ה בעיסוק מטעם משרד הבריאות שליטה מלאה בעברית, ושליטה באנגלית כדי קריאת ספרות מקצועית רלוונטית יחסי אנוש טובים, יכולת עבודה בצוות יוזמה ופרו-אקטיביות ללמידה ולעשייה מקצועית *תינתן עדיפות למועמדים/ות עם מוגבלויות"
אחים/ות לבריאות הנפש,מרכז רפואי יוספטל ומרחב אילת,אילת,2026-01-15,https://jobs.clalitapps.co.il/clalit/redmatch-apply/redmatch.apply.html?compPositionID=48813,אחים ואחיות,,"דרושים/ות אחים/ות למרפאות בריאות הנפש בקהילה אחיות ואחים בבריאות הנפש מוסמכים לעבוד עם יחידים, משפחות, קבוצות וקהילות, בהערכת צרכיהם בתחום הבריאות הנפשית. הם פועלים בהתאם להכשרתם המקצועית וסמכויותיהם ובכלל זה אומדן סיעודי, אבחנה, בניית תוכנית טיפול מותאמת ויישומה. תפקידם במרפאה לבריאות הנפש הוא נגזרת מתפקידי האח/ות המסורתיות וכוללים בתוכם את הייחודיות של אֲחָיוּת בבריאות הנפש תיאור התפקיד : קבלת חולה חדש למרפאה, ביצוע אנמנזה ואומדן סיעודי ראשוני - סממנים חיוניים, מחלות רקע, רשימת תרופות, רקע סוציאלי קצר, מקורות תמיכה וסטטוס שיקומי קבלת נתוני שחרור מאשפוז וקביעת סדר עדיפויות ודחיפות לפגישה ראשונית בהתאם להמלצות שחרור/מכתב העברה למרפאה, הערכת הדחיפות לפגישה עם מטפל ותיאום עם הממונה במרפאה ביצוע מעקב לחולים כרוניים, אומדן והערכה לשינויים במצבם הנפשי, זיהוי ואיתור סימני החרפה במצבו של המטופל שיתוף המטפל העיקרי בבית/בן משפחה וקבלת דיווח אודות מצבו של המטופל, בניית תוכניות טיפול בשיתוף עם הצוות במרפאה הנחייה במרפאה של קבוצת מטופלים בשיתוף צוות המטפלים במרפאה ליווי המטופל בתהליך קבלת סל שיקום והתאמת השירותים להם נזקק בשיתוף העו""ס במרפאה אחריות על ניהול הטיפול התרופתי, לרבות זריקות ארוכות טווח בהתאם להוראה הרפואית, אומדן סיעודי לפני ואחרי מתן הטיפול, זימון יזום של מטופלים עם תחלואה גופנית ונפשית ביצוע תוכניות הדרכה רלוונטיות (תרופות והיענות, טיפול אישי, שימוש במשאבים הבריאותיים המוצעים איזון סימפטומים, מיומנויות שונות בתחומי החיים) ביקורי בית לחולים מיוחדים (גריאטריה, מרותקים וכד') גישור בין המסגרות השונות המטפלות במטופל - מערך האשפוז, מרכזי שיקום מרפאות ראשוניות והוסטלים צוות האֲחָיוּת מהווה גורם מקשר בין מערך הטיפול ומערך השיקום דרישות התפקיד: השכלה באֲחָיוּת - בוגר/ת בי""ס לאֲחָיוּת רצוי - תואר ראשון באֲחָיוּת או בניהול מערכות בריאות קורס על בסיסי בבריאת הנפש - חובה רישוי עבודה כאח/ות מוסמכ/ת (תעודת רישום) - חובה ידע מקצועי עדכני בתחום הפעילות ידיעת השפה העברית. ידיעת השפה האנגלית (כדי קריאת ספרות מקצועית) יחסי אנוש תקינים יכולות הדרכה *תינתן עדיפות למועמדים/ות עם מוגבלויות"
אח/ות לטיפת חלב בחלקיות משרה,מחוז שרון שומרון,"הרצליה, רמת השרון, אלפי מנשה",2026-01-15,https://jobs.clalitapps.co.il/clalit/redmatch-apply/redmatch.apply.html?compPositionID=48809,אחים ואחיות,,"אחים/ות בטיפת חלב הינם גורם מקצועי מוביל בתחום מניעה וטיפול באישה ההרה, באם, ביילוד ובפעוט במסגרת הקהילה איתור בעיות וצרכים של האוכלוסיות הרלוונטיות, באופן יזום ועצמאי, תוך מעקב וטיפול על פי עיקרון הרצף הטיפולי במסגרת זו, הצוותים הינם בעל סמכויות נרחבות ושיקול דעת מקצועי התפקיד כרוך בטיפול באוכלוסייה בריאה, מזמן אתגרים מרתקים וממשקי עבודה עם שותפי תפקיד מגוונים, בארגון ומחוצה לו (קהילה, משרד הבריאות וכו') ומאפשר מימוש מקצועי על פי עקרונות הרפואה המונעת תיאור התפקיד: מתן טיפול מונע לפרט ולמשפחה על פי נהלי משרד הבריאות (חיסונים) שיפור מדדי בריאות האוכלוסיות המטופלות בתחנה על בסיס איתור צרכים ותוך התאמה תרבותית העלאת רמת הידע והמודעות של פרטים וקבוצות בנושא בריאות ומניעה מעורבות קהילתית ועבודה עם שותפים לקידום בריאות הקהילה דרישות התפקיד: השכלה באֲחָיוּת - בוגר/ת בי""ס לאֲחָיוּת רישוי עבודה כאח/ות מוסמכ/ת (תעודת רישום) ידע מקצועי עדכני בתחום הפעילות ידיעת השפה העברית, ידיעת השפה האנגלית (כדי קריאת ספרות מקצועית) יחסי אנוש טובים יכולות הדרכה ועבודה בצוות. תואר ראשון וניסיון בבריאות הציבור/ טיפת חלב - יתרון *תינתן עדיפות למועמדים/ות עם מוגבלויות"
אחראי/ת בקרה,מרכז רפואי קפלן,רחובות,2026-01-15,https://jobs.clalitapps.co.il/clalit/redmatch-apply/redmatch.apply.html?compPositionID=47556,אחזקה ולוגיסטיקה,,למרכז הרפואי קפלן דרוש/ה אחראי/ת בקרה תיאור התפקיד: מעקב וטיפול בהתראות השונות המתקבלות דרך מערכות הבקרה מתן מענה טכני ומקצועי פתרון תקלות בקרה ועבודה מול ממשקי עבודה ביחידות הקצה עבודה מול נותני שירות בתחום הבקרה הגדרה והטמעת מכשור חדש דרישות התפקיד: הנדסאי/ת חשמל/בקרה/מכונות ניסיון בבקרים מתוכנתים ו HIM (תכנות מסכי HIM שונים) ניסיון בביצוע כיולים ובדיקות מכשור ליווי פרויקטים בהגדרות בקרה למערכות השונות ושילובם במערך התפעול/בקרה הקיים היכרות עם מערכות לניהול אחזקה ובקרת מבנה ניסיון בעבודה עם מערכות מיזוג אוויר בנושאי חשמל תחזוקה ותפעול שליטה מלאה בשפה העברית והבנת השפה אנגלית *תינתן עדיפות למועמדים/ות עם מוגבלויות
פסיכיאטר/ית מנהל/ת מרפאה,מחוז מרכז,רמלה,2026-01-15,https://jobs.clalitapps.co.il/clalit/redmatch-apply/redmatch.apply.html?compPositionID=48801,רפואה,,"למרפאת התמכרויות של הכללית ברמלה דרוש/ה פסיכיאטר/ת לניהול והובלת מרפאת ההתמכרויות הראשונה במחוז אנחנו מחפשים מנהל/ת מקצועי/ת בעל/ת מוטיבציה שרוצה לקחת חלק בתהליך חדשני ומשמעותי בואו לנהל ולעבוד בצוות רב מקצועי, בסביבת עבודה מקצועית, מכילה ומתגמלת עם אפשרות להתפתחות מקצועית ולימודי המשך דרישות התפקיד: פסיכיאטר/ית מומחה/ית בעל/ת ידע רפואי וטיפולי הבנה בצרכים הייחודיים של מטופלים במצבים מורכבים. *תינתן עדיפות למועמדים/ות עם מוגבלויות Job Description: A psychiatrist is needed to manage and lead the first addiction clinic in the district We are looking for a motivated professional manager who wants to take part in an innovative and meaningful process Come manage and work in a multidisciplinary team, in a professional, inclusive and rewarding work environment with the possibility of professional development and continuing education Job Requirements: Expert psychiatrist Has medical and therapeutic knowledge Understanding the unique needs of patients in complex situations. *Priority will be given to candidates with disabilities"
עובד/ת סוציאלי/ת למחלקה האונקולוגית,מרכז שניידר לרפואת ילדים בישראל,פתח תקווה,2026-01-15,https://jobs.clalitapps.co.il/clalit/redmatch-apply/redmatch.apply.html?compPositionID=48799,עבודה סוציאלית,,"לבית חולים שניידר דרוש/ה עובד/ת סוציאלי/ת ימי א'-ה'- משרה מלאה 8 שעות עבודה ביום. תיאור התפקיד: ליווי ילדים ובני משפחותיהם בתהליכי התמודדות עם משברי חולי ואובדן טיפול ביו-פסיכו-סוציאלי הכולל טיפול פרטני וקבוצתי, התערבות במצבי משבר וטראומה, מיצוי זכויות, תכנון שחרור ותמיכה בתהליכי שיקום קשר עם גורמים קהילתיים לצורך סיוע והנגשת זכויות למטופל הוצאה לפועל של תוכנית הטיפול שהותוותה, תוך תיאום עם הגורמים הרלוונטים וקשר שוטף עם הצוות הרב מקצועי במחלקה, ביחידה ובבית החולים אפשרות להשתתפות בין-מקצועית בייזום ובעריכת מחקרים בתחום הביו-פסיכו-סוציאלי דרישות התפקיד : תואר ראשון ושני בעבודה סוציאלית- חובה רישיון עיסוק בעבודה סוציאלית יכולת עבודה בצוות רב מקצועי וקשר עם גורמים בקהילה תעודת מומחיות בתחום הבריאות או בריאות הנפש - יתרון ניסיון קודם בעבודה סוציאלית במערכת הבריאות - יתרון שליטה מלאה בשפה העברית שליטה בשפה האנגלית כדי קריאת ספרות מקצועית יכולת עבודה בצוות *תינתן עדיפות למועמדים/ות עם מוגבלויות"
דיאטן/ית ילדים,מחוז דן פתח תקווה,רמת גן,2026-01-15,https://jobs.clalitapps.co.il/clalit/redmatch-apply/redmatch.apply.html?compPositionID=48792,תזונה ודיאטה,,"דרוש/ה דיאטן/ית ילדים איכותי/ת ורציני/ת לעבודה של 15-20 שעות שבועיות באזור רמת גן בצוות צעיר ומתפתח למסגרת של ליווי תזונתי בטיפול בהשמנה בפרויקט ייחודיי וחדש למתאימים/ות יינתן ליווי צמוד, הדרכה וסופרויזין מקצועי המשרה כוללת גם עבודה אחה""צ תנאים טובים למתאימים/ות דרישות התפקיד תואר ראשון במדעי התזונה ממוסד המוכר ע""י המועצה להשכלה גבוהה רישוי משרד הבריאות לעיסוק דיאטן/תזונאי (נדרשים סטאז' ובחינה) יחסי עבודה ואנוש טובים יכולת עבודה בצוות שליטה מלאה בעברית, רצויה ידיעת שפה לועזית נוספת כושר הבעה גבוה בכתב ובעל פה office ידע בתוכנות תינתן עדיפות למועמדים/ות עם מוגבלויות *"
רופא/ה מתמחה לרפואת משפחה,מחוז מרכז,"ראשל""צ, נס ציונה, רחובות, מודיעין, יבנה, אשדוד",2026-01-15,https://jobs.clalitapps.co.il/clalit/redmatch-apply/redmatch.apply.html?compPositionID=47717,רפואה,,"תיאור התפקיד : מסלול התמחות בן 4 שנים. הכולל את השלבים הבאים : 15 חודשים במחלקה לרפואת המשפחה - מרפאת שלב א' בליווי מדריך 9 חודשים במחלקה פנימית חודשיים במחלקה לרפואה דחופה 5 חודשים ברפואת ילדים : חודשיים במחלקת ילדים, חודשיים במחלקה לרפואה דחופה ילדים, חודש במרפאת ילדים בבי""ח או מרפאת ילדים בקהילה או אשפוז יום ילדים חודשיים במרפאה פסיכיאטרית אמבולטורית בקהילה או בבית החולים חודשיים רוטציות לבחירה ממגוון מקצועות חודש במחלקה לרפואת המשפחה 12 חודשים במחלקה לרפואת המשפחה - מרפאה שלב ב ' קורס אוניברסיטאי ברפואת המשפחה דרישות התפקיד : השכלה אקדמית - תואר MD רישיון ממשלתי בתוקף ורישוי לעסוק במקצוע הרפואה במדינת ישראל * ניתן להגיש מועמדות במהלך הסטאז' ולפני קבלת הרישיון"
אח/ות מוסמכ/ת - חדר ניתוח,מרכז רפואי יוספטל ומרחב אילת,אילת,2026-01-14,https://jobs.clalitapps.co.il/clalit/redmatch-apply/redmatch.apply.html?compPositionID=48351,אחים ואחיות,,"למרכז הרפואי יוספטל דרוש/ה אח/ות מוסמכ/ת לחדר ניתוח תיאור התפקיד: קבלת המועמד לניתוח, תוך זיהוי פרטי המטופל, רגישות לתרופות, ווידוא מול תוכנית הניתוח, בקרת מוכנות המטופל לניתוח, לרבות הדרכה והסבר למטופל ולמלווה הכנת חדר הניתוח - זמינות צוות סיעוד, ציוד ואביזרים הדרושים לפי סוג הניתוח והפעלת נהלי בידוד במידת הצורך זיהוי פרטי המטופל, צד ואיבר, סוג הניתוח, ציוד ובדיקות נדרשים, בשיתוף הצוות הרב מקצועי המשתתף בניתוח, מיד לפני ביצוע ההרדמה סיוע בהשכבה בתנוחה מתאימה וחיבור למכשור ואמצעי ניטור כנדרש, תוך שמירה על כבוד, פרטיות, נוחות ובטיחות המטופל ביצוע ספירה, תיעוד ודיווח של מכשור, חומרי ספיגה ופריטים, חידושם לפני הניתוח, במהלכו ובסיומו ריכוז הטיפול בהתאם להצבה כאח/ות רחוצ/ה או מסתובב/ת, לרבות טיפול בדגימות, בדיקות ומוצרי דם ביצוע פיקוח הדרכה והכשרה של צוותי עזר ומתלמדים במהלך הניתוח, והדרכתם לגבי כללי התנהגות ומניעת זיהומים בחדר ניתוח ריכוז הטיפול בסיום הניתוח - סיוע בניקוי החולה, בניתוק ממכשור, בתהליך העברת המטופל להתאוששות/יחידה אחרת, תוך תיעוד ברשומה ומסירת מידע רלוונטי ליחידה הקולטת קיום קשרי עבודה עם גורמים מקצועיים בבית החולים - היוועצות, השתתפות בפגישות ודיונים דרישות התפקיד: השכלה בסיעוד - בוגר/ת בי""ס לסיעוד - חובה רישוי עבודה כאח/ות מוסמך/ת (תעודת רישום) - חובה קורס על בסיסי בחדר ניתוח - חובה ניסיון קליני בחדר ניתוח של 3 שנים לפחות - יתרון משמעותי הרשאה להשתתפות בסוגים שונים של ניתוחים שנת השתלמות אחת בחדר ניתוח לפני קורס על בסיסי - חדר ניתוח. - יתרון הכרת סוגי הניתוחים ומהלכם הכרת המכשור והציוד בחדר ניתוח ותפעולו ידיעת השפה העברית ידיעת נהלים והנחיות מחלקתיות ידיעת השפה האנגלית (כדי קריאה וכתיבה) יחסי אנוש טובים יכולת עמידה בלחצים יכולת הדרכה שיתוף פעולה בצוות *תינתן עדיפות למועמדים/ות עם מוגבלויות"
קלינאי/ת תקשורת למכון שמיעה חולון,מחוז תל אביב יפו,חולון,2026-01-11,https://jobs.clalitapps.co.il/clalit/redmatch-apply/redmatch.apply.html?compPositionID=46474,קלינאות תקשורת,,"למכון שמיעה בחולון דרוש/ה קלינאי/ת תקשורת. העבודה כוללת הדרכה, השתתפות בישיבות צוות והשתלמויות . קיימות מס' אפשרויות להשתלבות במכון תיאור התפקיד : ביצוע בדיקות שמיעה למבוגרים וילדים ו התאמת מכשירי שמיעה לקיחת חלק פעיל בעבודת צוות מקצועי השתתפות בימי עיון והשתלמויות, התעדכנות בחידושים מקצועיים דרישות התפקיד : תואר ראשון בקלינאות תקשורת רישיון עיסוק במקצוע - תעודת הכרה במעמד של משרד הבריאות עברית ברמת שפת אם שליטה באנגלית כדי קריאת ספרות מקצועית כושר הבעה בכתב ובעל פה יכולת עבודה בסביבה ממוחשבת יחסי אנוש טובים ויכולת עבודה בצוות * תינתן עדיפות למועמדים/ות עם מוגבלויות"
רופא/ה למרפאה יועצת,מחוז מרכז,באר יעקב,2026-01-08,https://jobs.clalitapps.co.il/clalit/redmatch-apply/redmatch.apply.html?compPositionID=48787,רפואה,,"למרפאה יועצת בבאר יעקב דרושים/ות רופאים/ות בתחומים: עור, עיניים, סוכרת, א.א.ג, נשים, אורתופדיה, כירורגיה כללית, רדיולוגיה תיאור התפקיד: הנגשת הרפואה היועצת למטופלים במסגרת הקהילה ביצוע אבחונים, גיבוש תוכניות טיפול וטיפול במטופלים (לרבות פעולות פולשניות), במרפאות מצוידות היטב ובמתאר קהילתי השתתפות בוועדות, בישיבות ובדיונים בנושאים מקצועיים שונים, במרפאה ובמחוז העברת מידע רפואי, בכתב או בעל פה, על פי הצורך ובהתאם לדרישות ולנהלים קשרי עבודה עם גורמים שונים בקהילה, ועם גורמי חוץ, כגון אקדמיה, בתי חולים ועוד ביצוע פעילות אקדמית של הדרכה ומחקר במסגרת הקהילה ומוסדות אקדמיים על פי הצורך והמצאי השתלבות במערך הרפואה המחוזי, על פי המקובל ובהתאם להסכמים ולצרכים התעדכנות מקצועית שוטפת, באמצעות ספרות מקצועית, מקורות מידע מקוונים, כנסים, השתלמויות ועוד ביצוע מטלות נוספות בתחום המקצועי, לפי הוראות הממונה דרישות התפקיד : תואר MD ברפואה רישיון ישראלי לעסוק ברפואה תעודת מומחיות במקצוע הרפואה היועצת ידע מקצועי נרחב ועדכני בתחום הפעילות המקצועית *תינתן עדיפות למועמדים/ות עם מוגבלויות"
פקיד/ת מרפאה,מחוז תל אביב יפו,"חולון, בת ים, יפו",2026-01-08,https://jobs.clalitapps.co.il/clalit/redmatch-apply/redmatch.apply.html?compPositionID=48791,מנהל ומטה,,"למרפאות בחולון, בת-ים ויפו דרושים/ות מזכירים/ות משרה מלאה שעות עבודה: יומיים בשבוע 7:30-15:30 יום בשבוע 7:30-13:30 יומיים בשבוע עבודה בפיצול 7:30-13:00+15:30-19:00 תיאור התפקיד: מתן שירות פרונטלי וטלפוני ללקוחות המרפאה בנושאים אדמיניסטרטיביים קביעת תורים לרפואה ראשונית ויועצת והכוונת הלקוחות לשירותים הרפואיים המתאימים מתן מידע על זכויות המגיעות ללקוחות, בהתאם לסל השירותים טיפול בנושאי גבייה והחזרים כספיים ללקוחות המרפאה טיפול בקליטת לקוחות חדשים במרפאה מתן שירות אדמיניסטרטיבי לגורמים בתוך המרפאה: רופאים, אחיות, רוקחים, ובעלי מקצוע נוספים שותפות בהשגה ובמימוש יעדי המרפאה בתחומי השירות, האיכות הרפואית, גיוס לקוחות, שיווק שירותים ועוד דרישות התפקיד: תואר ראשון במנהל מערכות בריאות - יתרון ניסיון בתפקידי שירות ומכירה - יתרון תודעת שירות גבוהה יחסי אנוש טובים, שיתוף פעולה בצוות יכולת עבודה בסביבה ממוחשבת יכולת עבודה בתנאי לחץ ועומס שליטה בשפה העברית, שליטה בשפה נוספת - יתרון כושר הבעה גבוה בכתב ובע""פ *תינתן עדיפות למועמדים/ות עם מוגבלויות"
מנהל/ת אדמיניסטרטיבי/ת במרפאה,מחוז תל אביב יפו,"חולון, בת ים",2026-01-08,https://jobs.clalitapps.co.il/clalit/redmatch-apply/redmatch.apply.html?compPositionID=48790,מנהל ומטה,,"למרפאות כללית בחולון ובת-ים דרושים/ות מנהלים/ות אדמיניסטרטיבים/ות הצטרפו לארגון הבריאות הגדול והמוביל בישראל עבודה תחת הסכמים קיבוציים עם תנאים מהטובים במשק נכונות לעבודה במשרה מלאה: פעמיים בשבוע 7:30-15:30 פעם בשבוע 7:30-13:30 פעמיים בשבוע עבודה בפיצול 7:30-13:00 + 15:30-19:00 ימי ו' בין פעם לפעמיים בחודש בין השעות 7:30-12:00 (משולם כשעות נוספות) תיאור התפקיד: אחריות ניהולית ומקצועית על הפעילויות האדמיניסטרטיביות והלוגיסטיות במרפאה שותפות בצוות המנהל של המרפאה - גיבוש תוכניות עבודה, הנעה והטמעת תהליכים וכלים, ארגון משימות ומשאבים ועוד שותפות בהובלת המרפאה להשגת יעדים בתחומי השירות, האיכות הרפואית, גיוס לקוחות, שיווק שירותים ועוד ניהול צוות אדמיניסטרטיבי של המרפאה - קליטת עובדים, הכשרה ופיתוח, סידורי עבודה, דיווחי שכר, הערכה ומשוב ניהול השירות במרפאה - ניהול תורים ושירותים אדמיניסטרטיביים, מתן מענה כולל לצרכי הלקוחות וטיפול בפניותיהם, ייזום, תכנון ויישום תכניות לשיפור איכות השירות ניהול תפעולי של המרפאה - אחריות על תחזוקת מבנה וציוד ניהול כספים - גביית כספים, תשלומי החזרים והוצאות, הפקדות, רישום ודיווח ממשקים וקשרי עבודה עם גורמים בארגון ומחוצה לו אחריות על נושאים נוספים כגון: הגנת מידע, בטיחות בעבודה, איכות סביבה, שעת חירום ועוד דרישות התפקיד: תואר ראשון בתחומי הניהול או מדעי החברה וההתנהגות, תואר שני - יתרון ניסיון קודם בניהול ו/או בעולמות השירות והמכירה - יתרון ראייה רחבה ומערכתית, יכולת ניתוח והסקת מסקנות יכולת הנעת עובדים ותהליכים, יכולת ארגון ותפעול תודעת שירות גבוהה, יחסי אנוש טובים, שיתוף פעולה בצוות יכולת עבודה בתנאי לחץ ועומס יכולת עבודה בסביבה ממוחשבת שליטה בשפה העברית, שליטה בשפה נוספת - יתרון כושר הבעה בעל פה ובכתב *תינתן עדיפות למועמדים/ות עם מוגבלויות"
פיזיותרפיסטים/ות,מחוז תל אביב יפו,"חולון, בת ים, תל אביב",2026-01-08,https://jobs.clalitapps.co.il/clalit/redmatch-apply/redmatch.apply.html?compPositionID=42419,פיזיותרפיה,,"דרושים/ות פיזיותרפיסטים/ות למכוני פיזיותרפיה במחוז ת""א-יפו (חולון, בת ים, ת""א, יפו) בואו לעבוד בארגון הבריאות הגדול בישראל! שייכות לצוות מקצועי רחב ורב סקטוריאלי למידה והתפתחות מקצועית: הדרכה פרטנית, השתתפות בישיבות צוות, ימי עיון, השתלמויות וקורסים הזדמנות לקחת חלק בפרויקטים יחודיים בארגון הבריאות הגדול בישראל דרישות התפקיד: תואר ראשון (לפחות) בפיזיותרפיה רישיון עיסוק במקצוע מטעם משרד הבריאות העבודה בהיקף של חצי משרה ומעלה *תינתן עדיפות למועמדים/ות עם מוגבלויות"
פסיכולוג/ית התפתחותי/ת,מחוז צפון,"טבריה, עפולה, צפת,קצרין, נוף הגליל",2026-01-07,https://jobs.clalitapps.co.il/clalit/redmatch-apply/redmatch.apply.html?compPositionID=48771,פסיכולוגיה,,"דרושים/ות פסיכולוגים/ות התפתחותיים/ות למכוני התפתחות הילד - טבריה, עפולה, קצרין, נוף הגליל תיאור התפקיד : ריאיון מטופלים ובני משפחותיהם לאבחון / טיפול עריכת מבחני משכל ואישיות - אבחונים פסיכו-דיאגנוסטיים במידת הצורך מסירה בכתב ובעל פה הערכה, אבחון והמלצה לתוכנית טיפולית כולל מסגרת הטיפול המומלצת לממונה / צוות מקצועי ולאחר אישור הממונה / הצוות דיווח גם למטופל ובני משפחתו ביצוע טיפולים פסיכו-תרפוטיים פרטניים, קבוצתיים, זוגיים או משפחתיים בהתאם לאישור ממונה השתלבות בצוות רב מקצועי בהתאם לצורך ובכפוף להנחיות ריכוז מקרים וקשר עם גורמים מקצועיים טיפוליים אבחוניים בקהילה בכל הקשור לאבחון ולטיפול של המטופלים יוזמה ושותפות למחקרים פסיכולוגיים והשתתפות בהסקת מסקנות מקצועיות השתתפות בתהליכים מחוזיים של סקטור הפסיכולוגים ריכוז והובלת תהליכים במרפאה ביצוע תפקידים נוספים בתחום המקצועי בהתאם להוראות הממונים דרישות התפקיד : השכלה אקדמית (תואר שני) בפסיכולוגיה קלינית רישום בפנקס הפסיכולוגים של משרד הבריאות תעודת מומחה/ית בפסיכולוגיה קלינית כושר הבעה בכתב ובעל פה יחסי עבודה ויחסי אנוש תנאי שכר בהתאם להסכם הפסיכולוגים החדש שנחתם בחודשים האחרונים קבלת הדרכה שבועית על פסיכותרפיה השתתפות בקבוצת הדרכת עמיתים לפסיכולוגים מומחים לפי התכנות * תינתן עדיפות למועמדים/ות עם מוגבלויות"
מרפא/ה בעיסוק ליחידה להפרעות קשב וריכוז בפתח תקווה (מבוגרים ילדים ונוער),מחוז דן פתח תקווה,"מחוז דן-פ""ת",2026-01-06,https://jobs.clalitapps.co.il/clalit/redmatch-apply/redmatch.apply.html?compPositionID=45936,ריפוי בעיסוק,,"דרוש/ה מרפא/ה בעיסוק ליחידה להפרעות קשב וריכוז בפתח תקווה (מבוגרים ילדים ונוער) מזמינים אותך להצטרף אלינו לקריירה בריאה עם משמעות ושליחות תיאור התפקיד: ביצוע פעילות מקצועית שוטפת: אבחון והערכה, קביעת תכנית התערבות מקצועית, טיפול פרטני וקבוצתי, ייעוץ והדרכה למטופל ולמשפחתו מעורבות ושיתוף פעולה בצוותי טיפול רב מקצועיים לצורך קידום תהליך הטיפול יצוג המקצוע וייעוץ לגורמי טיפול נוספים במסגרת צוות רב מקצועי או במסגרות אחרות בקהילה הכשרה, הדרכה ופיתוח מקצועי לצורך רכישת ידע ומיומנויות עדכניים השתתפות בישיבות צוות ובקבוצות ללמידת עמיתים אפשרות להשתתפות בקבוצות מחקר בריפוי בעיסוק ובמגוון תחומים ברפואה אפשרות להשתתפות בצוותים חוצי ארגון העוסקים בפיתוח תכניות התערבות חדשניות ניתן לשלב עבודה בתחום בריאות הנפש עם עבודה במכוני ריפוי בעיסוק בקהילה דרישות התפקיד: תואר ראשון (לפחות) בריפוי בעיסוק תעודת מרפא/ה בעיסוק מטעם משרד הבריאות שליטה מלאה בעברית ושליטה באנגלית כדי קריאת ספרות מקצועית רלוונטית יחסי אנוש טובים, יכולת עבודה בצוות יוזמה ופרו-אקטיביות ללמידה ולעשייה מקצועית *תינתן עדיפות למועמדים/ות עם מוגבלויות"
מרפא/ה בעיסוק במרפאות בריאות הנפש – ילדים ונוער,מחוז דן פתח תקווה,פתח תקווה,2026-01-06,https://jobs.clalitapps.co.il/clalit/redmatch-apply/redmatch.apply.html?compPositionID=46003,ריפוי בעיסוק,,"תיאור התפקיד: אבחון, הערכה וקביעת תוכנית התערבות מקצועית למטופל, ייעוץ והדרכה למטופל ולמשפחתו הכנת המטופל לוועדת סל שיקום מעורבות פעילה בצוותי טיפול רב מקצועיים לצורך קידום תהליך הטיפול ייצוג מקצוע הריפוי בעיסוק וייעוץ לגורמי טיפול נוספים - במסגרת צוות רב מקצועי או במסגרות אחרות בקהילה ובבתי החולים של כללית הכשרה ופיתוח מקצועי ועדכני השתתפות בישיבות צוות ובקבוצות ללמידת עמיתים אפשרות להשתתפות בקבוצות מחקר בריפוי בעיסוק ובמגוון תחומים ברפואה אפשרות להשתתפות בצוותים חוצי ארגון, העוסקים בפיתוח תכניות התערבות חדשניות ניתן לשלב עבודה בתחום בריאות הנפש עם עבודה במכוני ריפוי בעיסוק בקהילה דרישות התפקיד: תואר ראשון (לפחות) בריפוי בעיסוק תעודת מרפא בעיסוק מטעם משרד הבריאות שליטה מלאה בעברית, ושליטה באנגלית כדי קריאת ספרות מקצועית רלוונטית יחסי אנוש טובים, יכולת עבודה בצוות יוזמה ופרו-אקטיביות ללמידה ולעשייה מקצועית היקף משרה:50%-100% *תינתן עדיפות למועמדים/ות עם מוגבלויות"
רופא/ה מומחה/ית בגריאטריה,מחוז מרכז,"ראשון לציון, מודיעין, אשדוד",2026-01-06,https://jobs.clalitapps.co.il/clalit/redmatch-apply/redmatch.apply.html?compPositionID=48777,רפואה,,"למחוז מרכז דרוש/ה רופא/ה גריאטריה תיאור התפקיד: ליווי מטופלים ובני משפחותיהם, תוך דאגה לכלל צרכיהם הבריאותיים בראיה כוללנית ביצוע אבחונים, גיבוש תוכניות טיפול וטיפול במטופלים במרפאה במסגרת רפואת קהילה השתתפות בוועדות, בישיבות ובדיונים בנושאים מקצועיים שונים במרפאה ובמחוז התעדכנות מקצועית שוטפת, באמצעות ספרות מקצועית, מקורות מידע מקוונים, כנסים, השתלמויות ועוד ביצוע מטלות נוספות בתחום המקצועי, לפי הוראות הממונה דרישות התפקיד : תואר MD ברפואה רישיון ישראלי לעסוק ברפואה עדיפות לבעלי/ות תעודה מוכרת של מומחיות בגריאטריה *תינתן עדיפות למועמדים/ות עם מוגבלויות"
רופא/ה יועצ/ת  Consultant Doctors,מחוז דן פתח תקווה,"מחוז דן-פ""ת: ר""ג, פ""ת, ראש העין, בני ברק",2026-01-06,https://jobs.clalitapps.co.il/clalit/redmatch-apply/redmatch.apply.html?compPositionID=48761,רפואה,,"דרושים/ות רופאים ורופאות ברפואה יועצת למרפאות הקהילה בואו להיות חלק ממשפחת כללית במחוז דן-פ""ת תנאים מצויינים למתאימים/ות, אפשרויות להתפתחות מקצועית וניהולית תיאור התפקיד: ביצוע אבחונים, גיבוש תוכניות טיפול וטיפול במטופלים, במרפאות מצוידות היטב ובמתאר קהילתי השתתפות בוועדות, בישיבות ובדיונים בנושאים מקצועיים שונים, במרפאה ובמחוז קשרי עבודה עם גורמים שונים בקהילה ועם גורמי חוץ, כגון אקדמיה, בתי חולים ועוד ביצוע פעילות אקדמית של הדרכה ומחקר במסגרת הקהילה ומוסדות אקדמיים על פי הצורך והמצאי השתלבות במערך הרפואה המחוזי, על פי המקובל ובהתאם להסכמים ולצרכים התעדכנות מקצועית שוטפת, באמצעות ספרות מקצועית, מקורות מידע מקוונים, כנסים, השתלמויות ועוד דרישות התפקיד: תואר MD ברפואה רישיון ישראלי לעסוק ברפואה תעודת מומחיות באחד ממקצועות הרפואה היועצת ידע מקצועי נרחב ועדכני בתחום הפעילות המקצועית הכרת החוקים, התקנות והנהלים הרלוונטיים ידע בהפעלת מערכות מחשב רלוונטיות שליטה בשפה העברית, ושליטה באנגלית לפחות כדי קריאת ספרות מקצועית ידיעת שפה נוספת - יתרון מקצוענות אבחנתית וביצועית יכולת ניתוח ואינטגרציה תקשורת בין אישית טובה ושיתוף פעולה בצוות שירותיות, סבלנות ואמפתיה לזולת *תינתן עדיפות למועמדים/ות עם מוגבלויות"
פיזיותרפיסט/ית - התפתחות הילד,מחוז צפון,צפון,2026-01-06,https://jobs.clalitapps.co.il/clalit/redmatch-apply/redmatch.apply.html?compPositionID=48180,פיזיותרפיה,,"דרוש/ה פיזיותרפיסט/ית למערך התפתחות הילד תיאור התפקיד: המערך כולל יחידות ומכונים הפרושים ברחבי המחוז בכל יחידה עבודה רב מקצועית מגוונת וישיבות צוות משותפות בנוסף, חיבור לקולגות ברחבי המחוז בתחום הפיזיותרפיה ניתנת הדרכה ולווי מקצועי עידוד התפתחות אישית והרחבת ההכשרה דרישות התפקיד: תואר ראשון בפיזיותרפיה רישום במשרד הבריאות כפיזיותרפיסט/ית מוסמך/ת שליטה בשפה העברית ידיעת השפה האנגלית כדי קריאה וכתיבת ספרות מקצועית המקובלת בארץ יחסי אנוש טובים ויכולת עבודה בצוות הכשרות ונסיון בתחום התפתחות הילד יתרון *תינתן עדיפות למועמדים/ות עם מוגבלויות"
פיזיותרפיסט/ית למכוני התפתחות הילד בקהילה - מחוז דרום,מחוז דרום,"אשקלון, ק גת, באר שבע, רהט, אופקים, שדרות,נתיבות, דימונה, ערד",2026-01-06,https://jobs.clalitapps.co.il/clalit/redmatch-apply/redmatch.apply.html?compPositionID=48759,פיזיותרפיה,,"כללית מזמינה אותך לגדול איתנו למכוני הפיזיותרפיה להתפתחות הילד ברחבי המחוז דרוש/ה פיזיותרפיסט/ית תיאור התפקיד: אבחון, הערכה וקביעת תוכנית התערבות מקצועית למטופל ביצוע טיפולים אישיים או קבוצתיים בהתאם לצרכים הרפואיים של המטופלים השתתפות בישיבות צוות ובדיונים הקשורים למטופלים השתתפות בישיבות צוות רב מקצועי והדרכות הצוות בנושאים מתחום הפיזיותרפיה השתתפות בעריכת מחקרים ובהדרכת סטודנטים מהחוגים לפיזיותרפיה השתתפות בפעילויות לחינוך וקידום בריאות של מטופלים, כגון סדנאות והרצאות דרישות התפקיד : תואר ראשון בפיזיותרפיה תעודת עיסוק בפיזיותרפי משרד הבריאות יחסי אנוש טובים ויכולת עבודה בצוות למתאימים/ות: גמישות בסידור העבודה גמישות בהיקף המשרה עבודה נוספת במסגרת ביקורי בית בהתאם למקצועיות וע""פ צרכי הכללית חניכה וליווי מקצועי תנאים סוציאליים ותנאי שכר מהטובים במשק אפשרות לתחילת העסקה מיד עם קבלת אישור זכאות לתואר ולפני המבחן הממשלתי *מכוני המחוז בפריסה מקו אשקלון - ק.גת ועד הערבה *תינתן עדיפות למועמדים/ות עם מוגבלויות"
פיזיותרפיסט/ית מתמחה בטיפולי רצפת אגן - מחוז דרום,מחוז דרום,"באר שבע, שדרות, נתיבות, רהט.",2026-01-06,https://jobs.clalitapps.co.il/clalit/redmatch-apply/redmatch.apply.html?compPositionID=48760,פיזיותרפיה,,"כללית מזמינה אותך לגדול איתנו למכוני הפיזיותרפיה דרוש/ה פיזיותרפיסט/ית מתמחה בטיפולי רצפת אגן תיאור התפקיד: אבחון, הערכה וקביעת תוכנית התערבות מקצועית למטופל ביצוע טיפולים בהתאם לצרכים הרפואיים של המטופלים השתתפות בישיבות הצוות ובדיונים הקשורים למטופלים השתתפות בישיבות צוות רב מקצועי והדרכות הצוות בנושאים מתחום הפיזיותרפיה השתתפות בעריכת מחקרים ובהדרכת סטודנטים מהחוגים לפיזיותרפיה השתתפות בפעילויות לחינוך וקידום בריאות של מטופלים כגון סדנאות והרצאות דרישות התפקיד : תואר ראשון בפיזיותרפיה תעודת עיסוק בפיזיותרפיה מטעם משרד הבריאות יחסי אנוש טובים ויכולת עבודה בצוות למתאימים/ות: גמישות בסידור העבודה גמישות בהיקף המשרה קיימת אפשרות להשתלב כעצמאי/ת ( דרוש ניסיון קודם) עבודה נוספת במסגרת ביקורי בית בהתאם למקצועיות וע""פ צרכי הארגון חניכה וליווי מקצועי תנאים סוציאליים ותנאי שכר מהטובים במשק אפשרות לתחילת העסקה מידית עם קבלת אישור זכאות לתואר ולפני המבחן הממשלתי *מכוני המחוז בפריסה מקו אשקלון - ק. גת ועד הערבה *תינתן עדיפות למועמדים/ות עם מוגבלויות"
עובד/ת משק וניקיון,מעבדה מרכזית,רמת החייל תל אביב,2026-01-01,https://jobs.clalitapps.co.il/clalit/redmatch-apply/redmatch.apply.html?compPositionID=48128,אחזקה ולוגיסטיקה,,"למעבדה המרכזית דרוש/ה עובד/ת משק וניקיון תיאור התפקיד: ביצוע עבודות ניקיון במעבדה ביצוע העבודה בהתאם לסידורי העבודה ועפ""י הוראות הממונה ביצוע הניקיון בהתאם לצרכים המיוחדים ביחידה בה מועסק, כולל ניקיון שגרתי וניקיון יסודי שימוש בחומרי ניקיון וחיטוי ובמכשור מכני עפ""י צרכי העבודה, הוראות הממונה והוראות הקבע הקיימות ביצוע העבודה תוך שמירה על כללי הבטיחות כגון שימוש בכפפות, משקפי מגן, נעלים סגורות ביצוע עבודות מיוחדות בתחום הניקיון לפי הוראות הממונה דיווח לממונה על ליקויים תפקידים נוספים, לפי הוראות הממונה דרישות התפקיד: ידיעת השפה העברית *תיתנן עדיפות למועמדים/ות עם מוגבלויות"
מרפא/ה בעיסוק,מרכז רפואי אוניברסיטאי סורוקה,באר שבע,2026-01-01,https://jobs.clalitapps.co.il/clalit/redmatch-apply/redmatch.apply.html?compPositionID=48735,ריפוי בעיסוק,,"למרכז הרפואי סורוקה מרפא/ה בעיסוק לתחום הפיזיקלי תיאור התפקיד: ביצוע פעילות מקצועית שוטפת: אבחון והערכה, קביעת תוכנית התערבות מקצועית, טיפול, ייעוץ והדרכה למטופל ולמשפחתו ייצוג מקצוע הריפוי בעיסוק וייעוץ לגורמי טיפול נוספים - במסגרת צוות רב מקצועי או במסגרות אחרות בקהילה ובבתי החולים של הכללית הכשרה ופיתוח מקצועי לצורך רכישת ידע ומיומנויות עדכניים השתתפות בישיבות צוות ובקבוצות ללמידת עמיתים אפשרות להשתתפות בקבוצות מחקר בריפוי בעיסוק ובמגוון תחומים ברפואה אפשרות להשתתפות בצוותים חוצי ארגון, העוסקים בפיתוח תכניות התערבות חדשניות דרישות התפקיד: תואר ראשון (לפחות) בריפוי בעיסוק תעודת מרפא בעיסוק מטעם משרד הבריאות שליטה מלאה בעברית, ושליטה באנגלית כדי קריאת ספרות מקצועית רלוונטית יחסי אנוש טובים, יכולת עבודה בצוות יוזמה ופרו-אקטיביות ללמידה ולעשייה מקצועית *תינתן עדיפות למועמדים/ות בעלי/ות מוגבלות"
מנהל/ת חשבונות,מרכז רפואי מאיר,כפר סבא - מרכז רפואי מאיר,2026-01-01,https://jobs.clalitapps.co.il/clalit/redmatch-apply/redmatch.apply.html?compPositionID=41251,מנהל ומטה,,"למרכז הרפואי מאיר דרוש/ה מנהל/ת חשבונות - משרה זמנית - 75% משרה תיאור התפקיד: רישום חשבוניות, תשלומים והתאמת כרטסות טיפול בנסיעות חו""ל/כנסים בינלאומיים התאמות כרטיסי אשראי הכנת נתונים למאזן בקשר לכרטיסי אשראי דרישות התפקיד בגרות מלאה הנה""ח סוג 2 או 3 מוכר ע""י משרד התמ""ת - חובה ניסיון לפחות שנה בתחום הנה""ח ידע בעבודה עם תוכנת SAP - יתרון ידע בסביבת מחשב ובתוכנות אופיס, בדגש על Excel. יחסי אנוש טובים ותודעת שירות גבוהה סדר, ארגון, דיוק יכולת עבודה בתנאי לחץ ועומס יכולת עבודה בצוות *תינתן עדיפות למועמדים/ות עם מוגבלויות"
מנהל/ת מעבדה המטולוגית,מחוז ירושלים,"הר חוצבים, ירושלים",2025-12-25,https://jobs.clalitapps.co.il/clalit/redmatch-apply/redmatch.apply.html?compPositionID=48680,מעבדות רפואיות,,"למחוז ירושלים דרוש/ה מנהל/ת מעבדה המטולוגית תיאור התפקיד: אחריות לתפעול מלא ותקין של מערך בדיקות המעבדה: אחריות לניהול צוות המעבדה, אחריות לביצוע תקין של בדיקות המעבדה הובלת התחום והקפדה על רמה מקצועית גבוהה קיום פגישות עבודה קשר עם ספקים ביצוע הערכות תקופתיות קביעת נהלי עבודה יישום תהליכי אבטחת איכות זיהוי כשלים בתהליכי עבודה ונקיטת פעולות מתקנות ועוד דרישות התפקיד: PhD, MSc בתחום מדעי החיים תעודת עובד/ת מעבדה בכיר/ה - יתרון תעודת היתר לניהול - יתרון ניסיון ניהולי של 3 שנים לפחות ניסיון בניהול מעבדה רפואית - יתרון יכולת ניהול והובלת צוות יחסי אנוש מצוינים עמידה בלחצים אחריות ומחויבות גבוהה ידע וניסיון בתחום המטולוגיה - יתרון משמעותי *תינתן עדיפות למועמדים/ות עם מוגבלויות"
אח/ות מוסמך/ת מיילד/ת,מרכז רפואי אוניברסיטאי סורוקה,באר שבע,2025-12-23,https://jobs.clalitapps.co.il/clalit/redmatch-apply/redmatch.apply.html?compPositionID=48701,אחים ואחיות,,"למרכז הרפואי סורוקה דרוש/ה אח/ות מוסמך/ת מיילד/ת תיאור התפקיד: טיפול ביולדות במסגרת המיון: - אומדן, תכנון, ביצוע הערכה, טיפול על פי קדימויות נדרשות, הדרכה והסבר ליולדת ולמלווה, שחרור או העברה למחלקה המיועדת ניהול הטיפול הסיעודי ביולדות במהלך הלידה, קבלה ללידה בהתאם לנהלים, טיפול וסיוע לאורך תהליך הלידה וההתאוששות וטיפול ביילוד ריכוז הטיפול הסיעודי ביולדת או במספר יולדות, תוך שיתוף גורמים מקצועיים רלוונטיים (רופא, עו""ס, ועוד), לרבות הדרכה והנחייה של היולדת ובני משפחתה עבודה עם רופאי המחלקה, השתתפות בביקורי הצוות הרפואי אצל היולדות, כולל הצגה ועדכון של הטיפול הסיעודי: סיוע בביצוע בדיקות, טיפולים ופעולות רפואיות, ובהן הכנה והדרכה, הכנת הציוד, ניטור ודיווח הכנה וחלוקת תרופות למטופלות, בכפוף לנהלים ולהנחיות קשרי עבודה עם גורמים מקצועיים בבית החולים ובקהילה: הפניית מטופלות, היוועצות, השתתפות בפגישות ודיונים דרישות התפקיד: תואר ראשון מוכר בסיעוד: תואר ראשון בסיעוד או בניהול מערכות בריאות רישוי עבודה כאח/ות מוסמכ/ת (תעודת רישום) רישיון מיילד/ת מוסמכ/ת (משרד הבריאות) ניסיון מקצועי קודם במשך שנה לפחות, כאח/ות מוסמכ/ת ידע מקצועי עדכני בתחום הפעילות יכולת עמידה בלחצים יכולת עבודה בצוות יכולת ארגון * תינתן עדיפות למועמדים/ות עם מוגבלויות"
קלינאי/ת תקשורת,מחוז תל אביב יפו,יפו,2025-12-18,https://jobs.clalitapps.co.il/clalit/redmatch-apply/redmatch.apply.html?compPositionID=47047,קלינאות תקשורת,,"למכון שיקום רב תחומי ביפו, דרוש/ה קלינאי/ת תקשורת עבודה עם צוות רב תחומי, אינטימי ומקצועי עבודה בכל תחומי השיקום הנוירולוגי עם אוכ' מגוונת הדרכה מובטחת! תיאור התפקיד: קביעת תוכנית טיפולית וטיפול בהתאם לממצאי ההערכה דרישות התפקיד : תואר ראשון בקלינאות תקשורת רשיון עיסוק במקצוע - תעודת הכרה במעמד מטעם משרד הבריאות עברית ברמת שפת אם שליטה באנגלית כדי קריאת ספרות מקצועית כושר הבעה בכתב ובעל פה יכולת עבודה בסביבה ממוחשבת יחסי אנוש טובים ויכולת עבודה בצוות *תינתן עדיפות למועמדים/ות עם מוגבלויות"
מזכיר/ה רפואי/ת,מחוז דן פתח תקווה,"רמת גן, בני ברק, יהוד, אריאל, הוד השרון, פתח תקווה, קריית אונו",2025-12-18,https://jobs.clalitapps.co.il/clalit/redmatch-apply/redmatch.apply.html?compPositionID=48691,מנהל ומטה,,תיאור התפקיד: מתן שירות פרונטלי וטלפוני למטופלים בנושאים אדמיניסטרטיביים טיפול כולל בנושא תורים למרפאה קבלה אדמיניסטרטיבית של מטופלים המגיעים למרפאה והפנייתם לגורמי הטיפול השונים סיוע למטופל בהשגת מסמכים נחוצים תיעוד ודיווח על פעולות שבוצעו במרפאה במערכות ממוחשבות ביצוע משימות משרדיות בהתאם לצורך ולהנחיות דרישות התפקיד: תעודת בגרות מלאה שליטה מלאה בשפה העברית ידיעה של שפה נוספות - יתרון שליטה במחשב ובתוכנות Office תודעת שירות גבוהה תקשורת בין אישית טובה ויכולת עבודה בצוות יכולת ביטוי טובה בעל פה ובכתב *תינתן עדיפות למועמדים/ות עם מוגבלויות
טבח/ית ראשי/ת,מרכז רפואי קפלן,רחובות,2025-12-16,https://jobs.clalitapps.co.il/clalit/redmatch-apply/redmatch.apply.html?compPositionID=47126,אחזקה ולוגיסטיקה,,"דרוש/ה טבח/ית ראשי/ת תיאור התפקיד : אחריות על בניית תפריטים, מתכונים ועצי מוצר בהתאם להנחיות התזונאיות ייצור על פי מתכונים ותפריטים בהתאם לתוכנית הייצור המוכתבת תכנון, בקרה ופיקוח על ייצור והגשת האוכל ע""מ שיהיה איכותי, טעים ואסתטי ניהול עובדים בייצור ותיאום עם מנהל המטבח, חלוקת משימות ותחומי אחריות ווידוא ביצוע בפועל אכיפה וביצוע העבודה בהתאם לדרישות ונהלי בטיחות מזון, תברואה, היגיינה, כשרות, גיהות בעבודה, בטיחות אש וכד' הקפדה על אחזקה ותחזוקה שוטפת של הציוד, תחזוקה מונעת ותחזוקת שבר על פי תכנית מוגדרת מראש ביצוע הדרכות והכשרות לצוותי הבישול דרישות התפקיד : 10 שנות לימוד לפחות תעודת מקצוע בטבחות סוג 5 (משרד הכלכלה) ניסיון של 5 שנים לפחות בתחום ההסעדה המוסדית ניסיון כטבח/ית בבית חולים-יתרון ניסיון וידע בעבודה עם הפעלת ציוד בישול מתקדם הכרת הדרישות והנהלים בתחום המקצועי ידע בתפעול מערכות מידע ומחשוב רלוונטיות לעיסוק יכולת פיקוח על צוות עובדים קפדנות ודייקנות שליטה בשפה העברית יכולת הדרכה מקצועית סדר וארגון תודעת שירות גבוהה *תינתן עדיפות למועמדים/ות עם מוגבלויות"
רכז/ת הדרכה סימולטק,הנהלה ראשית,כפר סבא,2025-12-15,https://jobs.clalitapps.co.il/clalit/redmatch-apply/redmatch.apply.html?compPositionID=47993,מנהל ומטה,,"דרוש/ה רכז/ת הדרכה סימולטק - חטיבת בתי החולים (מיקום: מרכז רפואי מאיר) תיאור התפקיד : הנחיית נושאים רפואיים על פי הצורך (כגון: הנשמה, החייאה, אולטרסאונד, לפרוסקופיה, טיפולים רפואיים) ביצוע סימולציות והדרכות פרונטליות לצוותים רפואיים וסיעודיים הכוללות את ניהול הסימולציה, תפעול מוניטורים, תצפית, איסוף נקודות למשוב, עיבוד ותחקיר למשתתפים פיתוח סימולציות תוצרים מתוקשבים ועזרי למידה עבודה בשיתוף עם מומחי תוכן לצורך תיקוף של תוכני למידה מקצועיים אחריות על ניהול קורס - תיאום מרצים, לימוד תכנים ע""פ סילבוס, ניהול ממשק למרצים, הפקת לקחים לטובת שיפור למחזור הבא וכו' דרישות התפקיד : השכלה בתחום רפואי ( כגון: סיעוד,/פרמדיק /מקצועות הבריאות) רישיון/תעודת הסמכה בהתאם להשכלה יכולת למידה מהירה של נושאים רפואיים ניסיון בהדרכה - 3 שנים לפחות ניסיון בהדרכת סימולציות - יתרון יכולת תפעול של טכנולוגיות חדשות תפקוד בתנאי לחץ וריבוי משימות יכולת עבודה בצוות יכולת ניהול וארגון ראייה מערכתית רחבה יוזמה, אסרטיביות, ייצוגיות וגמישות חשיבתית תפקוד בתנאי לחץ וריבוי משימות העבודה בבי""ח מאיר, התפקיד דורש נסיעות לבתי חולים להדרכות (מוניות) שפות - שליטה טובה מאוד בעברית, שליטה טובה באנגלית *תינתן עדיפות למועמדים/ות עם מוגבלויות"
חשמלאי/ת,מרכז רפואי מאיר,מרכז רפואי מאיר- כפר סבא,2025-12-11,https://jobs.clalitapps.co.il/clalit/redmatch-apply/redmatch.apply.html?compPositionID=48666,מנהל ומטה,,"למרכז רפואי מאיר דרוש/ה חשמלאי/ת תיאור התפקיד: ביצוע עבודות אחזקה בחשמל ולפי דרישה ביצוע עבודות כחלק מצוות החשמל בבית החולים דיווח על עבודות שבוצעו דרישות התפקיד: בוגר/ת מוסד לימודי במקצוע החשמל רישיון חשמלאי/ת מוסמך/ת בתוקף, מטעם משרד התמ""ת ניסיון של 5 שנים בעבודות אחזקת מערכות חשמל בבניינים ובתעשייה ידע בקריאת תוכניות חשמל במבנים ובקריאת תוכניות פיקוד הכרת מערכות החשמל בבית החולים- יתרון ידיעת השפה העברית על בוריה. ידיעת אנגלית טכנית- קריאה והבנה ביצוע תורניות וכוננויות לפי דרישה יכול עבודה בשעות לא שגרתיות יכולת עבודה בצוות ותודעת שירות גבוהה *תינתן עדיפות למועמדים/ות עם מוגבלויות"
מזכיר/ה רפואי/ת,מרכז רפואי קפלן,רחובות,2025-12-09,https://jobs.clalitapps.co.il/clalit/redmatch-apply/redmatch.apply.html?compPositionID=48169,מנהל ומטה,,"למרכז רפואי קפלן דרוש/ה מזכיר/ה רפואי/ת למערך אמבולטורי. תיאור התפקיד: טיפול אדמיניסטרטיבי באשפוז מטופלים במחלקות בית החולים או במרפאות החוץ. מתן שירות פרונטלי וטלפוני בנושאים אדמיניסטרטיביים למטופלים ולבני משפחותיהם. תמיכה אדמיניסטרטיבית בצוות הרפואי והסיעודי במרפאה. קיום ממשקי עבודה עם כל יחידות בית החולים לצורך קידום הטיפול במטופל (מחלקות אשפוז, מרפאות חוץ, יחידות דימות, מעבדות, יחידת הסניטרים ועוד). תיעוד ודיווח על פעולות שבוצעו במרפאה במערכות ממוחשבות. עבודה משרדית שוטפת: הכנת תיקים, תיוק, סריקה, הנפקת מדבקות, טיפול בדואר, הזמנת ציוד וכדו' דרישות התפקיד: תעודת בגרות מלאה - חובה תעודת מזכירות רפואית - חובה ניסיון בעבודת מזכירות בתחום הרפואי - יתרון שליטה מלאה בשפה העברית ידיעה של שפה נוספות - יתרון שליטה במחשב ובתוכנות Office כושר ארגון, תפעול וקידום תהליכים יוזמה ותפיסת תפקיד רחבה תודעת שירות גבוהה תקשורת בין אישית טובה ויכולת עבודה בצוות יכולת ביטוי טובה בעל פה ובכתב *תינתן עדיפות למועמדים עם מוגבלויות."
פקיד/ת מוקד,מרכז רפואי מאיר,כפר סבא - מרכז רפואי מאיר,2025-12-09,https://jobs.clalitapps.co.il/clalit/redmatch-apply/redmatch.apply.html?compPositionID=42322,מנהל ומטה,,"פקיד/ת מוקד תפעול - משרה חלקית במשמרות תיאור התפקיד: עבודה במוקד בית החולים במצבים משתנים ומצבי חירום (מלחמה, קורונה וכדומה) לצד שגרה מענה טלפוני לפניות פנימיות בנושאי: ביטחון, אחזקה, לוגיסטיקה, משק, תחבורה, חצרנות ועוד - בירור מהות הפנייה והעברתה לגורם רלוונטי לטיפול ומעקב אחר ביצוע קבלת התראות חירום וטיפול לפי נהלי המוקד (לדוג' התראות אש, מצבי חירום רפואיים וכו') קשר עם גורמי חוץ, מד""א, חב' אמבולנסים, חב' מוניות, משרד הבריאות, צה""ל ועוד דרישות התפקיד: תעודת בגרות מלאה - חובה ניסיון בתפקיד דומה - יתרון ידע בסיסי בהפעלת מחשב ותוכנות (אופיס ושונות) יכולת למידה עצמית, הגדלת ראש, אחריות אישית יחסי אנוש טובים, יכולת עבודה בצוות, תודעת שירות גבוהה אחריות, עמידה בתנאי עומס ולחץ, יכולת עמידה במצבים משתנים נכונות למשרה חלקית בהיקף של 50% משרה, עבודה במשמרות 24/7 זמינות ל - 2 או 3 משמרות בשבוע (8 שעות משמרת) -זמינות משמרת בוקר/ערב/ לילה /סופ""ש /חגים *תינתן עדיפות למועמדים/ות עם מוגבלויות"
דיאטן/ית מרכז/ת בכיר/ה,מרכז רפואי מאיר,המרכז הרפואי מאיר,2025-12-09,https://jobs.clalitapps.co.il/clalit/redmatch-apply/redmatch.apply.html?compPositionID=42338,תזונה ודיאטה,,"למרכז הרפואי מאיר דרוש/ה דיאטן/ית מרכז/ת בכיר/ה - פיקוח, תזונה ומזון בבי""ח - 30% משרה תיאור התפקיד: אחריות ליישום עקרונות תזונתיים, ולקידום הטמעת סטנדרטים תזונתיים במערך מזון, בבית חולים בהתאם להנחיות הנהלת המחלקה לתזונה ודיאטה בבית החולים, ומשרד הבריאות יישום תוכניות ההזנה כנדרש על פי נהלי משרד הבריאות, ובכלל זה השתתפות בתכנון, בקרה, הרכבה ויישום התפריטים בביה""ח, בתיאום עם המחלקה לתזונה ודיאטה ועם מנהל המטבח מתן מענה מקצועי למערך המזון של בית החולים, בהלימה לתוכנית הטיפול התזונתית במחלקות בקרה על תהליך הכנת המזון, בדיקת רכיבי תזונה וערכים תזונתיים של כל סוגי התפריטים והמתכונים, תיעוד ואישור ביצועם בכתב עריכת ניתוח תזונתי של כל סוגי התפריטים והמתכונים ביצוע בקרה על תכנון התפריט ותיעודו מתן אישור לרכישת מוצרי מזון מעובדים ורכישת מזון ממקורות חוץ השתתפות בתהליכי תכנון המטבח בנושאים שונים, הכנסת מתכונים ומזונות חדשים, תכנון אופן חלוקת המזון ביחד עם הנהלת המטבח הדרכת צוות הנהלת מערך המזון ועובדי מערך המזון בנושא התנהלות התזונה ביצוע הדרכות לעובדי הצוות הסיעודי וכוחות העזר בנושא חלוקת מזון כתיבת נהלים ותכניות הדרכה לעובדים ביצוע תפקידים נוספים בהתאם להנחיות הממונה 12 שעות שבועיות, פעמיים בשבוע דרישות התפקיד: השכלה אקדמית (תואר ראשון) במדעי התזונה יתרון לתואר שני במדעי התזונה ו/או בבריאות הציבור, ו/או בניהול מערכות בריאות יתרון עבור סיום קורס הכשרה לדיאטנים מפקחים תזונה ומזון רישיון עיסוק כדיאטן/ית מוסמך/ת בישראל (משרד הבריאות) 3 שנות ניסיון מקצועי שליטה טובה בשפה העברית ידיעת השפה האנגלית (כתיבה וקריאת ספרות מקצועית) תקשורת בין אישית טובה כושר הדרכה והנחיה, עבודה בצוות, תיאום וארגון *תינתן עדיפות למועמדים/ות עם מוגבלויות"
קלינאי/ת תקשורת,מרכז רפואי מאיר,מרכז רפואי מאיר - כפר סבא,2025-12-09,https://jobs.clalitapps.co.il/clalit/redmatch-apply/redmatch.apply.html?compPositionID=48649,קלינאות תקשורת,,"למרכז הרפואי מאיר דרוש/ה קלינאי/ת תקשורת גריאטריה שיקומית - 40% תיאור התפקיד: ביצוע הערכה אבחונית למבוגרים במחלקות ובמרפאות ביה""ח בתחומי השפה, הדיבור והשמיעה בתחום שפה ודיבור: הערכה וטיפול בהפרעות שפה, דיבור ותקשורת נרכשת ואורגנית בתחום הקול: הערכה וטיפול בהפרעות קול נרכשות בתחום הבליעה: הערכה וטיפול בקשיי בליעה במבוגרים, במסגרת ייעוציים במחלקות האשפוז קביעת תוכנית טיפולית או הצעה על הערכה והמלצה לתוכנית טיפולית כולל מסגרת הטיפול המומלצת בהתאם לסוג הליקוי ביצוע תפקידים נוספים, בתחום המקצועי, לפי הוראות הממונה דרישות התפקיד: השכלה אקדמית (תואר ראשון) בקלינאות תקשורת רישיון עיסוק במקצוע (משרד הבריאות) ידיעת השפה העברית על בורייה ידיעת השפה האנגלית כדי קריאת ספרות מקצועית כושר הבעה בכתב ובעל פה יכולת עבודה בצוות * תינתן עדיפות למועמדים/ות עם מוגבלויות"
קלינאי/ת תקשורת,מרכז רפואי מאיר,המרכז הרפואי מאיר,2025-12-09,https://jobs.clalitapps.co.il/clalit/redmatch-apply/redmatch.apply.html?compPositionID=48648,קלינאות תקשורת,,"למרכז הרפואי מאיר דרוש/ה קלינאי/ת תקשורת למכון להתפתחות הילד - 50% משרה תיאור התפקיד: ביצוע הערכה אבחונית לילדים, לנוער ולמבוגרים המופנים ע""י מחלקות ביה""ח וע""י הקהילה בתחומי שפה, דיבור ושמיעה בתחום שפה ודיבור: הערכת הפרעות שפה, דיבור ותקשורת התפתחותיות ונרכשות, שיבושי היגוי ובעיות פונקציונליות ואורגניות קביעת תוכנית טיפול, או הצעת הערכה וההמלצה לממונה לתוכנית טיפול, כולל מסגרת טיפול מומלצת, בהתאם לסוג הליקוי ביצוע טיפולי שפה, דיבור ותקשורת בהתאם ביצוע תפקידים נוספים, בתחום המקצועי, לפי הוראות הממונה דרישות התפקיד: השכלה אקדמית (תואר ראשון) בקלינאות תקשורת רישיון עיסוק במקצוע (משרד הבריאות) ידיעת השפה העברית על בורייה ידיעת השפה האנגלית כדי קריאת ספרות מקצועית כושר הבעה בכתב ובעל פה יכולת עבודה בצוות * תינתן עדיפות למועמדים/ות עם מוגבלויות"
מרפא/ה בעיסוק להתפתחות הילד,מחוז דן פתח תקווה,"אור יהודה, פתח תקווה, אלעד, בני ברק",2025-12-09,https://jobs.clalitapps.co.il/clalit/redmatch-apply/redmatch.apply.html?compPositionID=46586,ריפוי בעיסוק,,"דרוש/ה מרפא/ה בעיסוק ליחידה להתפתחות הילד 55% משרה תיאור התפקיד: אבחון, הערכה וקביעת תוכנית התערבות מקצועית למטופל, ייעוץ והדרכה למטופל ולמשפחתו שותפות פעילה בצוותים רב מקצועיים בבית החולים ובמוסדות נוספים של כללית הכשרה ופיתוח מקצועי ועדכני השתתפות בישיבות צוות ובקבוצות ללמידת עמיתים אפשרות להשתתפות בקבוצות מחקר בריפוי בעיסוק ובמגוון תחומים ברפואה אפשרות להשתתפות בצוותים חוצי ארגון, העוסקים בפיתוח תכניות התערבות חדשניות דרישות התפקיד תואר ראשון (לפחות) בריפוי בעיסוק תעודת מרפא/ה בעיסוק מטעם משרד הבריאות שליטה מלאה בעברית ושליטה באנגלית כדי קריאת ספרות מקצועית רלוונטית יחסי אנוש טובים, יכולת עבודה בצוות יוזמה ופרו-אקטיביות ללמידה ולעשייה מקצועית *תינתן עדיפות למועמדים/ות עם מוגבלויות"
מטפלים/ות ליחידה לאבחון וטיפול באוטיזם,מחוז דרום,באר שבע,2025-12-04,https://jobs.clalitapps.co.il/clalit/redmatch-apply/redmatch.apply.html?compPositionID=48639,ריפוי בעיסוק,,"מחפשים מקום עם משמעות, לגדול בו מקצועית? מקומכם איתנו! ליחידה לאבחון וטיפול באוטיזם בב""ש דרושים/ות : קלינאי/ת תקשורת, מרפא/ה בעיסוק, עובד/ת סוציאלית, פסיכולוג/ית למה להצטרף אלינו? הזדמנות לעבודה בצוות רב מקצועי הדרכה והכשרה מקצועית אפשרויות שילוב צורות העסקה לקחת חלק במחקרים פורצי דרך עבודה מרובת משמעות עם משפחות וילדים השתלבות בתפקיד מתפתח מהקמה של צוות חדש, מקצועי ומשפיע דרישות התפקיד: תואר ראשון ורשיון במקצוע הרלוונטי ניסיון- יתרון *תינתן עדיפות למועמדים/ות עם מוגבלויות"
רוקחים/ות ורוקחים/ות אחראיים/ות,מחוז תל אביב יפו,"חולון, בת ים",2025-12-02,https://jobs.clalitapps.co.il/clalit/redmatch-apply/redmatch.apply.html?compPositionID=42407,רוקחות,,"רוצה להצטרף לבית מרקחת שהוא משפחה? לבתי מרקחת בחולון ובת ים, דרושים/ות רוקחים/ות תיאור התפקיד : ניפוק תרופות על פי מרשמים הניתנים על ידי הרופאים גביית תשלום עבור תרופות בהתאם לנהלים ביצוע ייעוץ רוקחי בדלפק ביצוע הדרכה רוקחית בפגישה פרטנית עם הלקוח ייעוץ ללקוחות בבחירת תרופות O.T.C והדרכתם לגבי השימוש בהן סיוע בארגון הלוגיסטי של בית המרקחת, אחסון וסידור תרופות על פי הכללים, סידור מדפים חיצוניים, תמחור ומענה טלפוני היכרות ועמידה בדרישות משרד הבריאות בהתנהלות בית המרקחת תיתכן החלפת הרוקח האחראי במטלות מרפאתיות כגון: ישיבות צוות או פרויקטים מרפאתיים אחרים השתתפות בפרויקטים שהמרפאה מובילה בהתאם להחלטת הרוקח האחראי ביצוע מטלות נוספות בהתאם להנחיות הממונה דרישות התפקיד: השכלה אקדמית (תואר ראשון) ברוקחות רישיון עיסוק ברוקחות (משרד הבריאות) ידע מקצועי נרחב. יכולת להשתמש בספרות מקצועית כדי למידה ומתן ייעוץ ידיעת השפה העברית על בורייה ידיעת השפה האנגלית כדי קריאת ספרות מקצועית יכולת עבודה בצוות יחסי אנוש טובים תודעת שירות אפשרות למשרה מלאה או חלקית תנאים מעולים *תינתן עדיפות למועמדים/ות עם מוגבלויות"
רוקח/ת מחלקתי/ת,מרכז רפואי מאיר,מרכז רפואי מאיר - כפר סבא,2025-12-02,https://jobs.clalitapps.co.il/clalit/redmatch-apply/redmatch.apply.html?compPositionID=44837,רוקחות,,"דרוש/ה רוקח/ת מחלקתי/ת למשרה זמנית תיאור התפקיד: קביעה ועדכון תקן התרופות המחלקתי בהתאם לצרכים הרפואיים המשתנים בדיקת גיליונות טיפול של מאושפזים מתן מידע וייעוץ תרופתי לצוות הרפואי פעילות לשיפור בטיחות הטיפול התרופתי במחלקה ניפוק תרופות ליחידות באופן סדיר, בהתאם לתקן שנקבע רקיחת תרופות מיוחדות לפי צרכי היחידות עריכת ביקורות מלאי והבטחת הימצאות מלאי ברמה סבירה בכל עת ווידוא אחסון הולם של התרופות ביחידות, בהתאם לקריטריונים המקצועיים שנקבעו אחריות לריענון התרופות ביחידות הדרכה מקצועית שוטפת לסגל ביחידות הדרכת מטופלים במידת הצורך ביצוע כל הפעילויות של רוקח מילוי תפקידים נוספים בתחום המקצועי לפי הוראות הממונה דרישות התפקיד: השכלה אקדמית (תואר ראשון) ברוקחות רישיון ישראלי לעיסוק ברוקחות (רוקח/ת מדופלם/ת) הכרת פרסומים מקצועיים עדכניים במקצוע ידיעת השפה העברית על בוריה ידיעת השפה האנגלית כדי קריאת ספרות מקצועית יחסי אנוש טובים יכולת עבודה בצוות יכולת הדרכה *תינתן עדיפות למועמדים/ות עם מוגבלויות"
עובד/ת מעבדה,מרכז רפואי מאיר,כפר סבא - מרכז רפואי מאיר,2025-12-02,https://jobs.clalitapps.co.il/clalit/redmatch-apply/redmatch.apply.html?compPositionID=47238,מעבדות רפואיות,,"תיאור התפקיד: קליטת דגימות מהגורמים המפנים, רישום, סיווג וטיפול בהן הפעלת מערכת אבטחת איכות וביקורת טיב המקובלת במעבדה כחלק משגרת העבודה ניהול רישום שוטף במהלך הבדיקה של המדדים הנקבעים, הפנית תשומת לבו של הממונה לתוצאות חריגות ופעילות על פי הנחיותיו עיבוד נתוני בדיקות החולה לצד נתוני מערכת ביקורת טיב והעברתם לממונה לאישור רישום תוצאות הבדיקה בספרי המעבדה והפצתם לגורם המפנה סיוע בעריכת מחקרים וסקרים ביצוע מטלות נוספות בתחום המקצועי, בהתאם להוראות הממונה דרישות התפקיד: תואר ראשון או שני במדעי החיים, מדעי הרפואה או מדעי המעבדה הרפואית - חובה. רצוי תואר שלישי ( Ph.D. ) תעודת עובד מעבדה רפואית אקדמאי, מטעם משרד הבריאות ידיעת השפה העברית על בורייה ידיעת השפה האנגלית כדי קריאת ספרות מקצועית ותקשורת בכתב ובע""פ *תינתן עדיפות למועמדים/ות עם מוגבלויות"
דימותן/ית רפואי/ת,מרכז רפואי מאיר,מרכז רפואי מאיר כפר סבא,2025-12-02,https://jobs.clalitapps.co.il/clalit/redmatch-apply/redmatch.apply.html?compPositionID=47240,רנטגן ודימות רפואית,,"תיאור התפקיד: ביצוע פעולות דימות שונות בהתאם לצרכים הרפואיים הכנת הנבדק והמכשור לביצוע הפרוצדורה, בהתאם לצורך עיבוד נתוני הפרוצדורה במערכת הדיגיטלית והעברתם לארכיון PACS דיווח על ביצוע הבדיקה במערכת RIS ביצוע בדיקות שגרתיות למכשור, הבטחת תקינותו ופעילותו השוטפת, וטיפול בתקלות קיום קשר עם מטופלים ובני משפחותיהם, מתן הסבר על הפרוצדורה השתתפות בכנסים מקצועיים ובימי עיון בתחום הדימות השתתפות בצוות רב מקצועי וייצוג התחום מול בעלי מקצוע אחרים דרישות התפקיד : תואר ראשון בדימות רפואית או סיום לימודי הסבה לדימותנות במקום הכשרה מוכר לימודי רנטגנאות ודימות - במסגרת לימודי התואר הכרת השימוש במערכות מידע ממוחשבות שליטה מלאה בעברית, ושליטה באנגלית כדי קריאת חומר מקצועי ניסיון בתחומי מקצוע נוספים (כולל התנסות במסגרת לימודי התואר) - יתרון יחסי אנוש טובים יכולת עבודה בצוות גישה שירותית ואנושית למטופל *תינתן עדיפות למועמדים/ות עם מוגבלויות"
תורנ/ית חוץ למעבדה דחופה,מרכז רפואי מאיר,מרכז רפואי מאיר - כפר סבא,2025-12-02,https://jobs.clalitapps.co.il/clalit/redmatch-apply/redmatch.apply.html?compPositionID=47236,מעבדות רפואיות,,"תיאור התפקיד: קליטת דגימות מהגורמים המפנים, רישום, סיווג וטיפול בהן ביצוע הבדיקות הנדרשות ברמה מקצועית נאותה ועל פי נהלי המעבדה הפעלת מערכת אבטחת איכות וביקורת טיב המקובלת במעבדה כחלק משגרת העבודה ניהול רישום שוטף, במהלך הבדיקה של המדדים הנקבעים, הפנית תשומת הלב של הממונה לתוצאות חריגות ופעילות על פי הנחיותיו עיבוד נתוני בדיקות החולה לצד נתוני מערכת ביקורת טיב והעברתם לממונה לאישור רישום תוצאות הבדיקה בספרי המעבדה ומפיצם לגורם המפנה סיוע בעריכת מחקרים וסקרים ביצוע מטלות נוספות בתחום המקצועי, בהתאם להוראות הממונה דרישות התפקיד: בעל/ת תואר ראשון או שני במדעי החיים או במדעי הרפואה תעודת הכרה ממשרד הבריאות כעובד מעבדה - חובה ! ידיעת השפה העברית על בוריה. השפה האנגלית ברמה טובה כושר ביטוי בכתב ובעל-פה דייקנות, סדר, ארגון יחסי אנוש טובים ויכולת עבודה בצוות לעיתים תחת תנאי לחץ *תינתן עדיפות למועמדים/ות עם מוגבלויות"
אורטופטיסט/ית,מרכז רפואי מאיר,מרכז רפואי מאיר - כפר סבא,2025-12-02,https://jobs.clalitapps.co.il/clalit/redmatch-apply/redmatch.apply.html?compPositionID=48239,טכנולוגיות רפואיות,,"למרכז הרפואי מאיר דרוש/ה אורטופטיסט/ית - מרפאת ילדים - עיניים ופזילה (משרה חלקית) תיאור התפקיד: ביצוע בדיקות וטיפול בילדים ומבוגרים בנושאי הפרעות ראיה שונות, בפיקוח רופא עיניים ועפ""י הנחייתו ביצוע בדיקות לאבחון בעיות בראיה כגון: בדיקות לראיה כפולה איתור ומדידה של שרירים פגומים, בדיקת שדות ראיה, פזילה, עין עצלה וליקויים הנובעים ממחלות או תאונות עפ""י הנחיות הרופא שותפות במתן המלצות באשר לסוגי הטפול הדרוש, כולל אחר ניתוח למטופלים עפ""י הנחיות ניפוק מרשם למשקפיים לאישורו של רופא העיניים המפנה הפעלת ציוד אורטופטיקה מעקב אחר פעילותו התקינה וביצוע עבודות אחזקה ותיקונים של הציוד עפ""י הצורך קשרים עם גורמים מקצועיים בביה""ח לעדכון ותיאום הדדיים ביצוע תפקידים נוספים בתחום המקצועי, עפ""י הנחיות הממונה דרישות התפקיד: השכלה על תיכונית במכללה לאופטומטריה אורטופטיסט/ית בעל/ת תעודת סיום לימודי אורטופטיקה רישיון ישראלי לעיסוק באופטומטריה מטעם משרד הבריאות ידיעת השפה העברית על בוריה ידיעת שפה לועזית כדי קריאת ספרות מקצועית *תינתן עדיפות למועמדים/ות עם מוגבלויות"
קלינאי/ת תקשורת,מרכז רפואי מאיר,מרכז רפואי מאיר - כפר סבא,2025-12-02,https://jobs.clalitapps.co.il/clalit/redmatch-apply/redmatch.apply.html?compPositionID=48339,קלינאות תקשורת,,"למרכז הרפואי מאיר דרוש/ה קלינאי/ת תקשורת - אחראי/ת מכון שמיעה (73% משרה) תיאור התפקיד: אחריות מנהלית ומקצועית לניהול וארגון השירות סיוע בבניית תוכניות עבודה והדרכת הצוות במכון סיוע בבקרה שוטפת על נהלים, תהליכי עבודה, תיעוד וזימון תורים סיוע בקליטה, הכשרה והדרכה שוטפת של הצוות במכון סיוע בבחירת מכשור וציוד מקצועי נדרש לעבודת הקלינאים הדרכת סטודנטים וצוות רפואי בנושאים מקצועיים דרישות התפקיד : השכלה אקדמית - תואר ראשון בהפרעות בתקשורת תעודת קלינאי/ת תקשורת מוסמך/ת המוכר לפי תקנות משרד הבריאות ידע מוכר וניסיון קודם של 5 שנים לפחות בתחום השמיעה ידיעת השפה העברית על בוריה ואנגלית ברמת קריאת מאמרים יכולת הבעה בע""פ ובכתב טובה מאוד כושר ניהול וארגון של צוות עובדים יחסי אנוש טובים *תינתן עדיפות למועמדים/ות עם מוגבלויות"
מטפל/ת באמצעות אומנויות,מרכז לבריאות הנפש שלוותה,הוד השרון,2025-12-02,https://jobs.clalitapps.co.il/clalit/redmatch-apply/redmatch.apply.html?compPositionID=48457,ריפוי בעיסוק,,"המרכז לבריאות הנפש שלוותה מגייס מטפלים באמצעות אמנויות להצטרף לצוות המקצועי שלנו! אנחנו מחפשים מטפלים/ות בעלי/ות מוטיבציה ללמוד ולהתפתח בתחום בריאות הנפש עבודה בצוותים רב מקצועיים, למידה מעשית ומשמעותית, סביבה מקצועית תומכת ומעודדת צמיחה והתפתחות דרישות התפקיד: תואר שני בטיפול באמנויות ממקום הכשרה מוכר, כולל שנת הכשרה מעשית מתקדמת - חובה וותק של לפחות ארבע שנים - חובה זמינות לעבודה לפחות בשני בקרים ועוד אחה""צ/שישי (הימים משתנים בהתאם ליחידה) מעמד מדריך/ה - יתרון תעודת פסיכותרפיה - יתרון ניסיון בבריאות הנפש - יתרון יכולת עבודה בצוות רב מקצועי תחומים נדרשים: אמנות חזותית, פסיכודרמה, דרמה תרפיה, ביבליותרפיה. *תינתן עדיפות למועמדים/ות עם מוגבלויות"
פקיד/ת מרפאה,מחוז ירושלים,ישוב עפרה (במטה בנימין),2025-12-02,https://jobs.clalitapps.co.il/clalit/redmatch-apply/redmatch.apply.html?compPositionID=48618,מנהל ומטה,,"דרוש/ה פקיד/ה למרפאה בישובים עלי ושילה שבמטה בנימין למשרה זמנית היקף המשרה חלקי: 50% (20 ש""ש) תיאור התפקיד: מתן שירות פרונטלי וטלפוני ללקוחות המרפאה בנושאים אדמיניסטרטיביים קביעת תורים לרפואה ראשונית ויועצת והכוונת הלקוחות לשירותים הרפואיים המתאימים מתן מידע על זכויות המגיעות ללקוחות בהתאם לסל השירותים טיפול בנושאי גבייה והחזרים כספיים ללקוחות המרפאה מתן שירות אדמיניסטרטיבי לגורמים במרפאה: רופאים, אחיות, רוקחים, ובעלי מקצוע נוספים מועמדים/ות מתאימים/ות יעברו תהליך מיון הכולל ראיונות, מבחני מחשב ומרכז הערכה דרישות התפקיד: תעודת בגרות מלאה או מבחני חוץ (סאלד) - חובה רכב פרטי - חובה ניסיון בתפקידי שירות ומכירה - יתרון תודעת שירות גבוהה יחסי אנוש טובים, שיתוף פעולה בצוות יכולת עבודה בסביבה ממוחשבת ובתנאי לחץ ועומס *תינתן עדיפות למועמדים/ות עם מוגבלויות"
פקיד/ה למרפאה,מחוז ירושלים,אפרת (גוש עציון),2025-12-02,https://jobs.clalitapps.co.il/clalit/redmatch-apply/redmatch.apply.html?compPositionID=47728,מנהל ומטה,,"דרוש/ה פקיד/ה למרפאה באפרת (גוש עציון) היקף המשרה חלקי: 50% (20 ש""ש) תיאור התפקיד: מתן שירות פרונטלי וטלפוני ללקוחות המרפאה בנושאים אדמיניסטרטיביים קביעת תורים לרפואה ראשונית ויועצת והכוונת הלקוחות לשירותים הרפואיים המתאימים מתן מידע על זכויות המגיעות ללקוחות בהתאם לסל השירותים טיפול בנושאי גבייה והחזרים כספיים ללקוחות המרפאה מתן שירות אדמיניסטרטיבי לגורמים במרפאה: רופאים, אחיות, רוקחים, ובעלי מקצוע נוספים מועמדים/ות מתאימים/ות יעברו תהליך מיון הכולל ראיונות, מבחני מחשב ומרכז הערכה דרישות התפקיד: תעודת בגרות מלאה - חובה ניסיון בתפקידי שירות ומכירה - יתרון תודעת שירות גבוהה יחסי אנוש טובים, שיתוף פעולה בצוות יכולת עבודה בסביבה ממוחשבת ובתנאי לחץ ועומס *תינתן עדיפות למועמדים/ות עם מוגבלויות"
מרפא/ה בעיסוק - במכונים להתפתחות הילד,מחוז צפון,"צפת, קצרין, נוף הגליל, קרית שמונה",2025-12-02,https://jobs.clalitapps.co.il/clalit/redmatch-apply/redmatch.apply.html?compPositionID=47926,ריפוי בעיסוק,,"דרושים מרפאים/ות בעיסוק למרכזי התפתחות הילד: צפת, קרית שמונה, נוף הגליל וקצרין תיאור התפקיד: ביצוע פעילות מקצועית: אבחון, טיפול, קביעת מטרות והתאמת תוכנית התערבות מקצועית, ייעוץ למטופל, משפחתו ולצוות המטפל ביצוע שיחות והדרכת גורמי מקצוע נוספים בעת הצורך אחריות ללמידה ולפיתוח מקצועי קשרים מקצועיים וייצוג היחידה בצוות רב מקצועי השתתפות בישיבות צוות מקצועי ורב מקצועי קיום נהלים הקשורים לתיעוד ורישום רפואי אחריות לקיום ושמירה על תקינות כלים ואמצעי הערכה והתערבות וכן על כל הציוד המשמש את צוות ריפוי בעיסוק, תוך דיווח על תקלות ו/או צורך בחידוש הציוד, כמקובל במקום מתן השירות, לרבות אירועים חריגים ומפגעים בסביבת העבודה דרישות התפקיד: השכלה אקדמית (תואר ראשון) בריפוי בעיסוק רישיון מקצועי של מרפא/ה בעיסוק מטעם משרד הבריאות ידיעת השפה העברית על בוריה ידיעת השפה האנגלית כדי קריאת ספרות מקצועית יחסי אנוש טובים יכולת לעבוד בצוות גמישות בשעות העבודה כולל אחר הצהריים וימי שישי *תינתן עדיפות למועמדים/ות עם מוגבלויות"
סגן/ית מנהל מטבח,בית חולים הרצפלד – מרכז רפואי גריאטרי שיקומי,גדרה,2025-11-27,https://jobs.clalitapps.co.il/clalit/redmatch-apply/redmatch.apply.html?compPositionID=48188,אחזקה ולוגיסטיקה,,"לבית חולים גיראטרי- שיקומי הרצפלד דרוש/ה סגן/ית מנהל מטבח תיאור התפקיד: עזרה למנהל המטבח בביצוע משימות המטבח השונות קבלת הספקה ובדיקתה (בדיקת התאמתה כמותית ובדיקות טיב) בקרה במטבח ובמחלקות לגבי טיב המזון, הכמות וכלי האוכל.= אחריות לחלוקת האוכל למחלקות, לאחסון העודפים במחסני הקירור אחריות על עבודת הניקיון במטבח ובחדר האוכל (כלים, רצפות וכו') אחריות על משמרת ערב, הוצאת הארוחה למחלקות ולחדר האוכל מילוי מקומו של מנהל המטבח בהיעדרו דרישות התפקיד: בוגר/ת קורס מנהלי/ות משק או הסמכה במקצועות כלכלת הבית או בוגר/ת המדרשה לתזונה או בעלת השכלה מקבילה בחו""ל 12 שנות לימוד. יתרון להשכלה אקדמאית בתחומי המזון או מינהל עסקים כושר לפקח על צוות עובדים מקצועיים ובלתי מקצועיים ידיעת השפה העברית על בוריה, רצוי שפה לועזית נוספת *תינתן עדיפות למועמדים/ות עם מוגבלויות"
דיאטן/ית - למרפאות קהילה במחוז דרום,מחוז דרום,דרום,2025-11-25,https://jobs.clalitapps.co.il/clalit/redmatch-apply/redmatch.apply.html?compPositionID=46971,תזונה ודיאטה,,"מחפש/ת עבודה עם שליחות? כללית מזמינה אותך להיות חלק מצוות תזונאים/ות מתפתח ומתקדם שהמשאב האנושי במרכזו תיאור התפקיד: טיפול בנושאי תזונה ודיאטה בהתאמה אישית בהיבטים קליניים, תרבותיים, חברתיים וכלכליים ריענון ועדכון ידע תזונתי לצוותים הרפואיים השונים הפועלים במחוז שותפות פעילה בדיונים על חולים בנושאי תזונה כחלק מצוות רב מקצועי אפשרות להעברת הרצאות וסדנאות בקבוצות אוכלוסייה שונות בתחום התזונה שותפות בעריכת מחקרים וסקרים בקרב האוכלוסיה בקהילה התעדכנות שוטפת בידע מקצועי באופן עצמאי ובאמצעות מערך התזונה והדיאטה בכללית דרישות התפקיד: תואר ראשון במדעי התזונה ממוסד המוכר ע""י המועצה להשכלה גבוהה רישוי משרד הבריאות לעיסוק דיאטן/ית / תזונאי/ת (נדרשים סטאז' ובחינה) תואר נוסף בתחום מדעי התזונה, מדעי ההתנהגות או בריאות הציבור - יתרון הכשרה בתחומים: הנחיית קבוצות, CBT - יתרון יכול ת עבודה בצוות *תינתן עדיפות למועמדים/ות עם מוגבלויות"
עובד/ת מעבדה רפואית,מחוז ירושלים,הר חוצבים (י-ם),2025-11-25,https://jobs.clalitapps.co.il/clalit/redmatch-apply/redmatch.apply.html?compPositionID=47010,מעבדות רפואיות,,"מחפש/ת עבודה כעובד/ת מעבדה בארגון הבריאות הגדול בארץ? אצלנו תעבדו בסביבת עבודה טכנולוגית עם מכשור חדיש, תיחשפו למגוון משימות מאתגרות ומעניינות ותהנו מתנאים סוציאליים מצויינים עם שעות עבודה נוחות! תיאור התפקיד: קליטת דגימות מהגורמים המפנים וביצוע הבדיקות הנדרשות ברמה מקצועית מיטבית ועל פי נהלי המעבדה הפעלת מערכות אבטחת איכות מתקדמות כחלק משגרת העבודה עיבוד נתוני הבדיקות והפצת תוצאותיהן לצוותים הרפואיים קיימת אפשרות לביצוע סטאז' במסגרת העבודה דרישות התפקיד: תואר ראשון במדעי המעבדה הרפואית תעודת הכרה במעמד מטעם משרד הבריאות (כלומר: לאחר סטאז') ידיעת השפה העברית על בוריה ידיעת השפה האנגלית כדי קריאת ספרות מקצועית כושר ביטוי בכתב ובעל-פה דייקנות, סדר, ארגון יחסי אנוש טובים ויכולת עבודה בצוות *תינתן עדיפות למועמדים/ות עם מוגבלויות"
רופא/ה מתמחה לרפואת משפחה,מחוז חיפה וגליל מערבי,"כרמיאל, מעלות, נהריה, חיפה והקריות, משגב, טמרה, יישובי חוף הכרמל",2025-11-23,https://jobs.clalitapps.co.il/clalit/redmatch-apply/redmatch.apply.html?compPositionID=47715,רפואה,,"תיאור התפקיד : מסלול התמחות בן 4 שנים. הכולל את השלבים הבאים : 15 חודשים במחלקה לרפואת המשפחה - מרפאת שלב א' בליווי מדריך 9 חודשים במחלקה פנימית חודשיים במחלקה לרפואה דחופה 5 חודשים ברפואת ילדים : חודשיים במחלקת ילדים, חודשיים במחלקה לרפואה דחופה ילדים, חודש במרפאת ילדים בבי""ח או מרפאת ילדים בקהילה או אשפוז יום ילדים חודשיים במרפאה פסיכיאטרית אמבולטורית בקהילה או בבית החולים חודשיים רוטציות לבחירה ממגוון מקצועות חודש במחלקה לרפואת המשפחה 12 חודשים במחלקה לרפואת המשפחה - מרפאה שלב ב ' קורס אוניברסיטאי ברפואת המשפחה דרישות התפקיד : השכלה אקדמית - תואר MD רישיון ממשלתי בתוקף ורישוי לעסוק במקצוע הרפואה במדינת ישראל * ניתן להגיש מועמדות במהלך הסטאז' ולפני קבלת הרישיון"
תורן/ית חוץ במעבדה,מרכז רפואי קפלן,רחובות,2025-11-20,https://jobs.clalitapps.co.il/clalit/redmatch-apply/redmatch.apply.html?compPositionID=48213,מעבדות רפואיות,,"למרכז הרפואי קפלן דרוש/ה תורן/ית חוץ עובד/ת מעבדת בנק הדם לתורנויות בשעות הערב והלילה כולל סופי שבוע וחגים תיאור התפקיד: קליטת דגימות מהגורמים המפנים רושם אותן מסווגן ומטפל בהן ביצוע הבדיקות הנדרשות ברמה מקצועית נאותה ועל פי נהלי המעבדה הפעלת מערכת הבטחת איכות וביקורת טיב המקובלת במעבדה כחלק משגרת העבודה הפעלת שיקול דעת במהלך ביצוע ולתוצאות המדדים הנקבעים, הפניית תשומת לבו של הממונה לתוצאות חריגות עיבוד נתוני בדיקות החולה לצד נתוני מערכת ביקורת טיב והעברתן לממונה לאישור תיעוד תוצאות הבדיקה ברשומות המעבדה והפצתן לגורם המפנה ביצוע מטלות נוספות בתחום המקצועי בהתאם להוראות הממונה דרישות התפקיד: השכלה אקדמית תואר ראשון או שני או תואר שלישי במדעי החיים או מדעי הרפואה ותארים המוכרים לפי תקנות (בריאות העם מעבדות רפואיות) משרד הבריאות כפי שיתעדכנו מעת לעת הכרה במעמד עובד מעבדה רפואית אקדמאי (כולל הכרה זמנית) מטעם משרד הבריאות ידיעת השפה העברית על בורייה ידיעת השפה האנגלית כדי קריאת ספרות מקצועית כושר ביטוי בכתב ובעל-פה יכולת עבודה בצוות, יכולת עבודה בעומסים ויכולת למידה עצמאית *תינתן עדיפות למועמדים/ות עם מוגבלויות"
מטפל/ת באומנות,מרכז לבריאות הנפש גהה,פתח תקווה,2025-11-20,https://jobs.clalitapps.co.il/clalit/redmatch-apply/redmatch.apply.html?compPositionID=48453,אחר,,"למרכז לבריאות הנפש גהה דרוש/ה מטפל/ת באומנות חזותית , מנוסה בעבודת טראומה המרפאה מטפלת בנפגעים ישירים כתוצאה מה 7.10 והמלחמה תיאור התפקיד: התפקיד כולל טיפול פרטני קבוצתי ומערכתי צוות המרפאה כולל צוות רב מקצועי ממקצועות הטיפול השונים העבודה ממוקדת טראומה ומערכתית למידה הכשרה וטיפול בלב המחקר והעשייה בטיפול בטראומה בישראל דרישות התפקיד: תואר שני + ניסיון טיפולי לפחות של שנתיים בעבודה בבריאות הנפש - בנוסף נדרש ניסיון עם עבודת טראומה + עדיפות לכלי עבודה מוכח כמו EMDR\WET\PE\CBT ממוקד ניסיון בטיפול במבוגרים משרה חלקית- 20 שעות שבועיות יום שלישי חובה +יום עבודה אחהצ +יום עבודה מהבית (אפשרות) *תינתן עדיפות למועמדים/ת עם מוגבלויות"
עובד/ת מעבדה אימונולוגיה,מעבדה מרכזית,"מעבדה המרכזית רמת החייל ת""א",2025-11-20,https://jobs.clalitapps.co.il/clalit/redmatch-apply/redmatch.apply.html?compPositionID=48433,מעבדות רפואיות,,"תיאור התפקיד: קליטת דגימות מהגורמים המפנים וביצוע הבדיקות הנדרשות הפעלת מערכות אבטחת איכות מתקדמות כחלק משגרת העבודה עיבוד נתוני הבדיקות והפצת תוצאותיהן לצוותים הרפואיים דרישות התפקיד: תואר ראשון - מדעי המעבדה הרפואית, ביוכימיה, ביוטכנולוגיה, גנטיקה, הנדסת ביוטכנולוגיה, חקלאות, כימיה, מדעי החיים, מדעי הרפואה, רוקחות, רפואה, רפואה וטרינרית, תזונה תעודת הכרה במעמד עובד מעבדה רפואית אקדמאי (רישיון עיסוק) מטעם משרד הבריאות ידיעת השפה העברית על בוריה ידיעת השפה האנגלית כדי קריאת ספרות מקצועית כושר ביטוי בכתב ובעל-פה יחסי אנוש טובים ויכולת עבודה בצוות *תינתן עדיפות למועמדים/ות עם מוגבלויות"
פקיד/ת מרפאה,מחוז שרון שומרון,"הרצליה, רמת השרון",2025-11-18,https://jobs.clalitapps.co.il/clalit/redmatch-apply/redmatch.apply.html?compPositionID=47431,מנהל ומטה,,"הצטרפו לארגון הבריאות המוביל בישראל למרפאה בהרצליה/רמת השרון דרוש/ה פקיד/ת מרפאה ב 50% חצי משרה: 4 ימים בשבוע 8:00-12:00/13:00 יום אחד בשבוע 16:00-19:00 ימי ו': לסירוגין בין השעות 8:00-12:00 תנאים מעולים תיאור התפקיד: מתן שירות פרונטאלי וטלפוני ללקוחות המרפאה בנושאים אדמיניסטרטיביים קביעת תורים לרפואה ראשונית ויועצת והכוונת הלקוחות לשירותים הרפואיים המתאימים מתן מידע על זכויות המגיעות ללקוחות בהתאם לסל השירותים טיפול בנושאי גבייה והחזרים כספיים ללקוחות המרפאה טיפול בקליטת לקוחות חדשים במרפאה מתן שירות אדמיניסטרטיבי לגורמים בתוך המרפאה: רופאים, אחיות, רוקחים, ובעלי מקצוע נוספים שותפות בהשגה ובמימוש יעדי המרפאה בתחומי השירות, האיכות הרפואית, גיוס לקוחות, שיווק שירותים ועוד דרישות התפקיד: תעודת בגרות מלאה - חובה ניסיון בתפקידי שירות ומכירה - יתרון תודעת שירות גבוהה יחסי אנוש טובים, שיתוף פעולה בצוות יכולת עבודה בסביבה ממוחשבת יכולת עבודה בתנאי לחץ ועומס שליטה בשפה העברית, שליטה בשפה נוספת - יתרון כושר הבעה גבוה בכתב ובע""פ *תינתן עדיפות למועמדים/ות עם מוגבלויות"
ראש צוות משק,מרכז שניידר לרפואת ילדים בישראל,פתח תקווה,2025-11-18,https://jobs.clalitapps.co.il/clalit/redmatch-apply/redmatch.apply.html?compPositionID=48423,אחזקה ולוגיסטיקה,,"למרכז הרפואי שניידר דרוש/ה ראש צוות עבודות ניקיון תיאור התפקיד : ניהול, פיקוח ובקרה על סדרי העבודה והניקיון באמצעות סיורים וביקורות הכוונה והדרכת העובדים הכפופים בתחומי המשק והניקיון ניהול יומני עבודה של העובדים הכפופים למשק והניקיון ניהול יומני עבודה של עבודות ניקיון שוטפות ויסודיות טיפול בפניות ובליקויים בזמן אמת, תיעוד ודיווח לגורמים הרלוונטים דרישות התפקיד : 12 שנות לימוד יחסי אנוש טובים ידע מקצועי עדכני (תעודה לניהול משק) כושר ניהול וארגון על צוות עובדים גדול ידיעת השפה העברית על בורייה, שפה נוספת יתרון כושר תכנון כושר הדרכה נכונות לעבודה במשמרות,עדיפות לערב * תינתן עדיפות למועמדים/ות עם מוגבלויות"
מהנדס/ת מיזוג אוויר,מרכז רפואי מאיר,מרכז רפואי מאיר- כפר סבא,2025-11-18,https://jobs.clalitapps.co.il/clalit/redmatch-apply/redmatch.apply.html?compPositionID=48427,מנהל ומטה,,"למרכז רפואי מאיר דרוש/ה מהנדס/ת מיזוג אוויר תיאור התפקיד: אחריות על מגוון נושאים הנדסיים במדור מיזוג אוויר, בתיאום עם המהנדס הראשי ייעוץ למהנדס הראשי בתחום מיזוג אוויר ומערכות קירור וחימום אחריות לביצוע תוכניות העבודה השנתיות בתחום אחריות לביצוע העבודות באופן מקצועי ולקביעת סדרי עדיפויות ולוחות זמנים לביצוע אחריות ליצירת קשר עם קבלני חוץ ופיקוח על ביצוע ואישור גמר עבודה תאום וליווי יועצים ומתכננים חיצוניים וליווי ביצוע וקבלה של ציוד ובניה חדשה ניהול פרויקטים בתחום תשתיות מיזוג אויר, קירור וחימום השתתפות בוועדות מקצועיות הכנת אומדנים ותקצוב, ודווח לממונים יוזמה לפעילויות טכניות שונות דרישות התפקיד: השכלה אקדמית (תואר ראשון) בהנדסה בתחום מכונות רישום בפנקס המהנדסים והאדריכלים ניסיון של 3 שנים בתחום מיזוג אוויר וקירור שליטה מלאה בשפה העברית כולל כתיבה והגשת דיווחים אנגלית ברמה טובה (לצורך קריאת חומר טכני) *תינתן עדיפות למועמדים/ות עם מוגבלויות"
מרפא/ה בעיסוק,מרכז לבריאות הנפש גהה,פתח תקווה,2025-11-18,https://jobs.clalitapps.co.il/clalit/redmatch-apply/redmatch.apply.html?compPositionID=48425,ריפוי בעיסוק,,"למרכז לבריאות הנפש גהה דרושים/ות מרפאים/ות בעיסוק ב 50% משרה או יותר למגוון תפקידים: תיאור התפקיד: הערכה , אבחון וטיפול בריפוי בעיסוק טיפול פרטני וקבוצתי השתתפות בישיבות צוות רב מקצועיות קשר ועבודה עם גורמים רלבנטיים מקצועיים. למרפאת אופק לטיפול בטראומה: טיפול באמצעות טכנולוגיה מתקדמת, משקפי VR עדיפות ניסיון קודם בטיפול בטראומה למרפאת אורה לבריאות הנפש של האישה: עדיפות ניסיון קודם בתחום בריאות נפש האישה וטיפול בטראומה דרישות התפקיד תואר ראשון ומעלה בריפוי בעיסוק רישוי מקצועי משרד הבריאות יכולת בינאישית טובה לעבודה עם מטופלים, בני משפחה וצוות רב מקצועי עדיפות לניסיון בבריאות הנפש *תינתן עדיפות למועמדים/ות עם מוגבלויות"
רכז/ת פיתוח משאבים,מרכז רפואי אוניברסיטאי סורוקה,באר שבע,2025-11-18,https://jobs.clalitapps.co.il/clalit/redmatch-apply/redmatch.apply.html?compPositionID=48199,מנהל ומטה,,"למרכז הרפואי סורוקה דרוש/ה רכז/ת פיתוח משאבים תיאור התפקיד: אחריות על קיום, תכנון ותיאום הקשרים של המרכז הרפואי עם תורמים, תורמים פוטנציאליים, קרנות ועוד סיוע בפיתוח שיתופי פעולה עם גורמים שונים בארץ ובחו""ל - גורמים ממוסדים (ארגונים, קרנות, עמותות) וגורמים אינדיבידואליים איסוף, כתיבה, ריכוז, הכנה ועריכת חומרים בשפות שונות - חומרי הסברה, פניות ובקשות לגיוס תרומות, מענקים ופרויקטים לגיוס משאבים סיוע בריכוז הקשרים עם תורמים - טיפול ומעקב אחר תהליכי בקשה וקבלת תרומות: התקשרויות, מעקב שוטף, הכנת דיווחים עיתיים, עדכונים ואגרות ברכה תיאום, היערכות וליווי ביקורי משלחות, תורמים ואורחים, וסיוע בהפקת טקסי הוקרה לתורמים בביה""ח סיוע בתהליכי הוקרת תורמים - בהתאם לבקשת התורם ונהלי ביה""ח (טקסי הוקרה, שילוט הוקרה וכו') סיוע בהקמת וריכוז מאגר תורמים וגורמים פוטנציאליים ובניהול מעקב שוטף סיוע בריכוז הקשר עם נציגי העמותות של ביה""ח בארץ ובחו""ל סיוע בפעילות מול תורמים פוטנציאליים ברשתות החברתיות באנגלית, בתיאום עם דוברת בית החולים ניטור רציף של מאגרי מידע לאיתור תורמים פוטנציאליים ניטור רציף בדיגיטל (אינטרנט, רשתות חברתיות) לאיתור תורמים פוטנציאליים, ולאיתור מידעים על תורמים ואנשי קשר של בית החולים לקראת דברור אליהם פעילויות נוספות בהתאם להנחיות הממונה והנהלת המרכז הרפואי דרישות התפקיד: בוגר/ת תואר ראשון ניסיון בן שנתיים לפחות בניהול פרויקטים/ שיווק ומכירות מיומנות גבוהה בעבודה עם מערכות ממוחשבות - תוכנות Office , CRM , מסדי נתונים ידיעת השפה העברית על בוריה והשפה האנגלית ברמת שפת אם, שפה נוספת- יתרון יכולת ניהול משימות, ארגון וסדר יחסי אנוש טובים, תודעת שירות גבוהה, יכולת התמודדות עם קונפליקטים ועבודה בשיתוף פעולה יכולת עבודה עצמאית ובצוות, עמידה בלוחות זמנים וריבוי משימות *תינתן עדיפות למועמדים/ות עם מוגבלויות"
סטודנט/ית לאחיות,מרכז לבריאות הנפש שלוותה,הוד השרון,2025-11-18,https://jobs.clalitapps.co.il/clalit/redmatch-apply/redmatch.apply.html?compPositionID=48424,אחים ואחיות,,"למרכז לבריאות הנפש שלוותה דרושים/ות סטודנטים/יות לאחיות, ל- 25% משרה, 2-3 משמרות בשבוע זוהי הזדמנות מעולה לשלב עבודה עם משמעות, עניין, למידה והתפתחות תיאור התפקיד: העיסוק בתחום פעילות הפנאי ודה אסקלציה דרישות התפקיד: הסבת אקדמאים - שנה ראשונה תוכנית גנרית - שנה שנייה יחסי אנוש טובים יכולת עבודה בצוות *תינתן עדיפות למועמדים/ות עם מוגבלויות"
מנהל/ת חשבונות מיון וקופות במחוז דרום- החלפה לחופשת לידה,מחוז דרום,באר שבע,2025-11-13,https://jobs.clalitapps.co.il/clalit/redmatch-apply/redmatch.apply.html?compPositionID=48299,מנהל ומטה,,"דרושה מנהל/ת חשבונות מיון וקופות - החלפה לחופשת לידה תיאור התפקיד: ריכוז חשבונות ספקים ובדיקת התאמת חשבונות לפרטי הזמנות וחתימת מקבל הסחורה בדיקה ואישור נכונות החשבון ועריכת פקודת חיוב או זיכוי חשבונות הספקים בהתאם מעקב וחיוב מוסדות עבור שירותים רפואיים שנתנו ע "" י המוסד קשר עם גורמים שונים לברור חשבונות חיובים וזיכויים מיון ובדיקת קופות הוצאה והכנסה של כל יחידות המשנה למסמכים המאושרים ולכללים רישום כל פעולות חובה וזכות ע""פ הסעיפים התקציביים השונים דרישות התפקיד: בגרות מלאה, רצוי תואר ראשון הכשרה והסמכה בהנהלת חשבונות סוג 2, עדיפות לסוג 3 ניסיון של 3 שנים בתחום הנהלת חשבונות , יתרון לידע בעבודה עם תוכנת סאפ ידע בתחום המחשב ויישומו בהנה""ח יחסי אנוש טובים יכולת ביטוי (בע""פ וכתב) * תינתן עדיפות למועמדים/ות עם מוגבלויות"
פסיכיאטר/ית במרפאה  psychiatrist,מחוז דן פתח תקווה,פתח תקווה,2025-11-10,https://jobs.clalitapps.co.il/clalit/redmatch-apply/redmatch.apply.html?compPositionID=48288,רפואה,,"למרפאה פסיכיאטרית מובילה במחוז דן - פ""ת דרושים/ות פסיכיאטרים/ות מוסמכים/ות לעבודה טיפולית, אבחונית וייעוצית עם מטופלים במגוון מצבי נפש. תיאור התפקיד: ביצוע הערכות פסיכיאטריות, בניית תוכניות טיפול, מעקב תרופתי ועבודה בצוות רב-מקצועי הכולל פסיכולוגים, עובדים סוציאליים, מרפאים בעיסוק, מטפלים בעלי הכשרות שונות ואחיות בנוסף השתתפות בישיבות ובדיונים מקצועיים, קשרי עבודה עם גורמים שונים בקהילה, פעילות אקדמית קיים אופק התפתחותי רחב עם אפשרויות רבות לקידום ולהתמקצעות דרישות התפקיד: השכלה אקדמית (תואר M.D) ברפואה רישיון בתוקף ממשרד הבריאות כרופא/ה מומחה/ית בפסיכיאטריה או מתמחה לקראת סיום ההתמחות ניסיון קודם בעבודה במרפאה אמבולטורית - יתרון יחסי אנוש מצוינים ויכולת עבודה בצוות גישה אנושית, מקצועית ואמפתית למטופלים היקף משרה: גמיש (חלקית או מלאה) תחילת עבודה: מיידית *תינתן עדיפות למועמדים/ות עם מוגבלויות *תינתן עדיפות למועמדים/ות עם מוגבלויות"
טכנאי/ת מיזוג אויר,מרכז שניידר לרפואת ילדים בישראל,פתח תקווה,2025-11-09,https://jobs.clalitapps.co.il/clalit/redmatch-apply/redmatch.apply.html?compPositionID=48279,אחזקה ולוגיסטיקה,,"תיאור התפקיד: עבודה במתקני מיזוג אוויר כגון: יטא""ות, משאבות, מזגני AW ומפוצלים קשר שוטף מול ספקים ונותני שירות של בית החולים נכונות לשעות נוספות שעות עבודה 07:00 - 16:00 כולל משמרות ערב/לילה וסופ""ש בהתאם לסבב דרישות התפקיד: רישיון חשמלאי/ת מוסמך/ת / מעשי/ת - חובה! ניסיון בתחזוקת מבנים ומערכות- חשמל, מיזוג אויר - יתרון ניסיון בתפעול מערכות תקשורת - יתרון יכולת עבודה בצוות אוריינטציה טכנית ויכולת עבודה בסביבה ממוחשבת מקצועיות, משמעת עצמית גבוהה, מסירות ואחריות *תינתן עדיפות למועמדים/ות עם מוגבלויות"
מנהל/ת צוות שירות במרפאה,מחוז מרכז,ישראל,2025-11-09,https://jobs.clalitapps.co.il/clalit/redmatch-apply/redmatch.apply.html?compPositionID=48274,מנהל ומטה,,"למרפאה בראשון לציון, דרוש/ה מנהל/ת צוות שירות במרפאה העבודה במישרה מלאה פעמיים בשבוע משמרת מפוצלת בשעות 07:30-13:00; 16:00-19:00 תיאור התפקיד: אחריות ניהולית ומקצועית על הפעילויות האדמיניסטרטיביות והלוגיסטיות במרפאה שותפות בצוות המנהל של המרפאה - גיבוש תכניות עבודה, הנעה והטמעת תהליכים וכלים, ארגון משימות ומשאבים ועוד שותפות בהובלת המרפאה להשגת יעדים בתחומי השירות, האיכות הרפואית, גיוס לקוחות, שיווק שירותים ועוד ניהול צוות אדמיניסטרטיבי של המרפאה - קליטת עובדים, הכשרה ופיתוח, סידורי עבודה, דיווחי שכר, הערכה ומשוב ניהול השירות במרפאה - ניהול תורים ושירותים אדמיניסטרטיביים, מתן מענה כולל לצרכי הלקוחות וטיפול בפניותיהם, ייזום, תכנון ויישום תכניות לשיפור איכות השירות ניהול תפעולי של המרפאה - אחריות על תחזוקת מבנה וציוד ניהול כספים - גביית כספים, תשלומי החזרים והוצאות, הפקדות, רישום ודיווח ממשקים וקשרי עבודה עם גורמים בארגון ומחוצה לו אחריות על נושאים נוספים כגון: הגנת מידע, בטיחות בעבודה, איכות סביבה, שעת חירום ועוד דרישות התפקיד: תואר ראשון בתחומי הניהול או מדעי החברה וההתנהגות. תואר שני - יתרון ניסיון קודם בניהול ו/או בעולמות השירות והמכירה - יתרון ראייה רחבה ומערכתית, יכולת ניתוח והסקת מסקנות יכולת הנעת עובדים ותהליכים, יכולת ארגון ותפעול תודעת שירות גבוהה, יחסי אנוש טובים, שיתוף פעולה בצוות יכולת עבודה בתנאי לחץ ועומס יכולת עבודה בסביבה ממוחשבת שליטה בשפה העברית, שליטה בשפה נוספת - יתרון כושר הבעה בעל פה ובכתב *תינתן עדיפות למועמדים/ות עם מוגבלויות"
רופא/ה משפחה,מחוז דן פתח תקווה,בני ברק,2025-11-09,https://jobs.clalitapps.co.il/clalit/redmatch-apply/redmatch.apply.html?compPositionID=48271,רפואה,,"דרושים/ות רופאים ורופאות ברפואת משפחה בעיר בני ברק בואו להיות חלק ממשפחת כללית במחוז דן-פ""ת! תנאים מצויינים למתאימים/ות, אפשרויות להתפתחות מקצועית וניהולית תיאור התפקיד: ביצוע אבחונים, גיבוש תוכניות טיפול וטיפול במטופלים, במרפאות מצוידות היטב ובמתאר קהילתי השתתפות בוועדות, בישיבות ובדיונים בנושאים מקצועיים שונים, במרפאה ובמחוז קשרי עבודה עם גורמים שונים בקהילה ועם גורמי חוץ, כגון אקדמיה, בתי חולים ועוד ביצוע פעילות אקדמית של הדרכה ומחקר במסגרת הקהילה ומוסדות אקדמיים על פי הצורך והמצאי השתלבות במערך הרפואה המחוזי, על פי המקובל ובהתאם להסכמים ולצרכים התעדכנות מקצועית שוטפת, באמצעות ספרות מקצועית, מקורות מידע מקוונים, כנסים, השתלמויות ועוד דרישות התפקיד: תואר MD ברפואה רישיון ישראלי לעסוק ברפואה תעודת מומחיות באחד ממקצועות הרפואה היועצת ידע מקצועי נרחב ועדכני בתחום הפעילות המקצועית הכרת החוקים, התקנות והנהלים הרלוונטיים ידע בהפעלת מערכות מחשב רלוונטיות שליטה בשפה העברית, ושליטה באנגלית לפחות כדי קריאת ספרות מקצועית ידיעת שפה נוספת - יתרון מקצוענות אבחנתית וביצועית יכולת ניתוח ואינטגרציה תקשורת בין אישית טובה ושיתוף פעולה בצוות שירותיות, סבלנות ואמפתיה לזולת *תינתן עדיפות למועמדים/ות עם מוגבלויות"
פקיד/ת מרפאה,מחוז שרון שומרון,חדרה- זכרון יעקב,2025-11-09,https://jobs.clalitapps.co.il/clalit/redmatch-apply/redmatch.apply.html?compPositionID=47944,מנהל ומטה,,"דרוש/ה פקיד/ת מרפאה להחלפות במרפאות באיזור חדרה עד זכרון יעקב ניידות חובה משרה מלאה 2 פיצולים + שישי לסירוגין תיאור התפקיד: מתן שירות פרונטלי וטלפוני ללקוחות המרפאה בנושאים אדמיניסטרטיביים קביעת תורים לרפואה ראשונית ויועצת והכוונת הלקוחות לשירותים הרפואיים המתאימים מתן מידע על זכויות המגיעות ללקוחות בהתאם לסל השירותים טיפול בנושאי גבייה והחזרים כספיים ללקוחות המרפאה טיפול בקליטת לקוחות חדשים במרפאה מתן שירות אדמיניסטרטיבי לגורמים בתוך המרפאה: רופאים, אחיות, רוקחים, ובעלי מקצוע נוספים שותפות בהשגה ובמימוש יעדי המרפאה בתחומי השירות, האיכות הרפואית, גיוס לקוחות, שיווק שירותים ועוד דרישות התפקיד: תעודת בגרות מלאה - חובה ניסיון בתפקידי שירות ומכירה - יתרון תודעת שירות גבוהה יחסי אנוש טובים, שיתוף פעולה בצוות יכולת עבודה בסביבה ממוחשבת יכולת עבודה בתנאי לחץ ועומס שליטה בשפה העברית, שליטה בשפה נוספת - יתרון כושר הבעה גבוה בכתב ובע""פ *תינתן עדיפות למועמדים/ות עם מוגבלויות"
פיזיותרפיסט/ית,מרכז לבריאות הנפש גהה,פתח תקווה,2025-11-02,https://jobs.clalitapps.co.il/clalit/redmatch-apply/redmatch.apply.html?compPositionID=48246,פיזיותרפיה,,"למרכז לבריאות הנפש גהה דרוש/ה פיזיותרפיסט/ית בחצי משרה לתפקיד מרתק ומגוון תיאור התפקיד: אבחון, הערכה וקביעת תוכנית התערבות מקצועית למטופל ביצוע טיפולים אישיים או קבוצתיים, בהתאם לצרכים הרפואיים של המטופלים הדרכת המטופל לתרגול עצמי התאמת אביזרי עזר למטופלים בהתאם לצורך מעקב אחר התקדמותו של המטופל, דיווח והתערבות בהתאם לצורך השתתפות בישיבות הצוות ובדיונים הקשורים למטופלים השתתפות בישיבות צוות רב מקצועי, והדרכות הצוות בנושאים מתחום הפיזיותרפיה השתתפות בעריכת מחקרים ובהדרכת סטודנטים מהחוגים לפיזיותרפיה השתתפות בפעילויות לחינוך וקידום בריאות של מטופלים, כגון סדנאות והרצאות דרישות התפקיד : תואר ראשון בפיזיותרפיה תעודת עיסוק בפיזיותרפיה של משרד הבריאות שליטה בשפה העברית ידיעת השפה האנגלית כדי קריאת ספרות מקצועית יחסי אנוש טובים ויכולת עבודה בצוות *תינתן עדיפות למועמדים/ות עם מוגבלויות"
עובד/ת אחזקה - מיזוג אוויר וקירור,מרכז רפואי אוניברסיטאי סורוקה,באר שבע,2025-11-02,https://jobs.clalitapps.co.il/clalit/redmatch-apply/redmatch.apply.html?compPositionID=48241,אחזקה ולוגיסטיקה,,"למרכז הרפואי סורוקה דרוש/ה עובד/ת אחזקה - מיזוג אוויר וקירור תיאור התפקיד: שותפות להפעלת מערכות מיזוג אויר של בית החולים באמצעים ידניים או באמצעות מערכת לניהול אנרגיה שותפות להפעלת חדרי קירור, מקררים רגילים ומקפיאים ביצוע פעולות אחזקה במערכות מיזוג וקירור לרבות החלפה וניקוי מסננים, סוללות, ברזים וכיוב' ביצוע תיקונים במערכות מיזוג אוויר קירור לרבות מזגנים ומשאבות ביצוע בדיקות יזומות והפעלות למערכות כוח, פיקוד ובקרה של מערכות המיזוג והקירור מטלות נוספות בהתאם להנחיות הממונה דרישות התפקיד: טכנאי/ת מיזוג אוויר מוסמך/ת - יתרון רישיון חשמלאי/ת מוסמך - יתרון ניסיון של 3 שנים לפחות בתחום האחזקה והתפעול תודעת שרות ויכולת ומוטיבציה ללמידה יכולת עבודה פיזית מוסר עבודה גבוה *תינתן עדיפות למועמדים/ות עם מוגבלויות"
מזכיר/ה,מרכז רפואי מאיר,כפר סבא,2025-10-29,https://jobs.clalitapps.co.il/clalit/redmatch-apply/redmatch.apply.html?compPositionID=47148,מנהל ומטה,,"למרכז הרפואי מאיר דרוש/ה מזכיר/ה למרפאות חוץ בתי חולים תיאור התפקיד: מענה טלפוני במרפאה לצד טיפול בנושא תורים במרפאה: זימון/ביטול/הזזה/מידע על תורים וכו' אחריות להכנת תיקי המוזמנים למרפאה טיפול בנושא האדמיניסטרציה של מטופלים המגיעים למרפאה סיוע למטופל במקרים בהם ישנה בעיה בקבלה האדמיניסטרטיבית, בהשגת מסמכים והתחייבויות הנחוצים לקבלת טיפול אחריות על הפניית חייבים לתשלום לקופת המערך דיווח במערכת ממוחשבת על פעולות שבוצעו במרפאה והפקת דוחות אחריות לשליחת הודעות ומכתבים למטופל וליחידות אחרות אשר אליהם מופנה המטופל אחריות לתיוק/סריקת חומר רפואי ומנהלי לתיק המטופל אחריות לתקינות סביבת העבודה ביצוע מטלות משרדיות נוספות בהתאם לצורך והנחיית הממונה דרישות התפקיד: השכלה תיכונית מלאה (תעודת בגרות), רצוי תעודת מזכירות רפואית ידיעת השפה העברית על בוריה ושליטה חלקית בשפה האנגלית רצויה ידיעה של שפות זרות נוספות הכרת נהלים ותקנות (בתחומים הרלוונטיים) כושר ביטוי בע""פ ובכתב יחסי אנוש טובים תודעת שירות גבוהה *תינתן עדיפות למועמדים/ות עם מוגבלויות"
"רכז/ת התמכרויות ארצי/ת,  מערך בריאות הנפש",הנהלה ראשית,תל אביב,2025-10-16,https://jobs.clalitapps.co.il/clalit/redmatch-apply/redmatch.apply.html?compPositionID=44931,פסיכולוגיה,,"תיאור התפקיד : אחריות לפיתוח ובניית מערך טיפול בהתמכרויות בכללית (תשתיות, מרפאות, טכנולוגיות, מש""א) פיתוח הכשרות לצוותים בתחומי מניעה, אבחון וטיפול בסוגי ההתמכרויות השונים אחריות לקביעת סטנדרטים מקצועיים וכתיבת נהלים והנחיות עבודה ניהול מקצועי של רכזי ההתמכרויות במוסדות עבודה במערך בריאות הנפש הארצי וממשק עם צוותי בריאות הנפש במחוזות אחריות להטמעת תחום ההתמכרויות בצוותים רלוונטיים ייעוץ למנהלים ולצוותים בכל הנוגע למניעה , אבחון וטיפול בתחום ההתמכרויות ייצוג כללית מול משרדי הבריאות והרווחה וגופים ממשלתיים ואחרים נוספים, בנושא התמכרויות אחריות על הכשרות והדרכות לצוותים מטפלים ולכלל הצוותים בקרה על תהליכי עבודה ואיכות מקצועית במוסדות כללית ומול ספקים מעקב ובקרת תקציבים ייעודיים דרישות התפקיד : תואר שני לפחות בעבודה סוציאלית/פסיכולוגיה/קרימינולוגיה/סיעוד או רופא/ה מומחה/ית בפסיכיאטריה ניסיון של חמש שנים לפחות בעבודה בתחום ההתמכרויות ידע נרחב בסוגי ההתמכרויות השונים ניסיון ניהולי מוכח יכולת עבודה עצמאית עדיפות לניסיון בעבודה במערכת הציבורית יכולת עבודה בצוות ועם ממשקים רבים יכולת הובלת תהליכים רוחביים וארגוניים ניסיון בהקמת שירות חדש - יתרון *תינתן עדיפות למועמדים/ות עם מוגבלויות"
פרח רוקחות,מחוז שרון שומרון,חדרה והסביבה,2025-09-30,https://jobs.clalitapps.co.il/clalit/redmatch-apply/redmatch.apply.html?compPositionID=48155,אחזקה ולוגיסטיקה,,דרוש/ה עובד טכני בבית מרקחת - פרח רוקחות למשרה חלקית- 50% + שישי (לא חובה) תיאור התפקיד: אחריות על סידור בית המרקחת קבלת/פריקת סחורה טיפול בתרופות שאינן בתוקף ליקוט תרופות מענה טלפוני דרישות התפקיד: בגרות מלאה יחסי אנוש טובים שיתוף פעולה בצוות יכולת עבודה בסביבה ממוחשבת יכולת עבודה בתנאי לחץ ועומס *תינתן עדיפות למועמדים/ות עם מוגבלויות
עובד/ת סוציאלי/ת קליני/ת למרפאת בריאות הנפש,מחוז דן פתח תקווה,בני ברק,2025-09-30,https://jobs.clalitapps.co.il/clalit/redmatch-apply/redmatch.apply.html?compPositionID=47031,עבודה סוציאלית,,"דרוש/ה עובד/ת סוציאלי/ת קליני/ת למרפאת בריאות הנפש תיאור התפקיד: מתן טיפול סוציאלי פרטני ו/או קבוצתי למטופלים ו/או משפחותיהם, בתחום הפסיכותרפיה, תמיכה ושיקום ייזום או קבלת הפניות ממקורות שונים כגון צוות רפואי, מוסדות רפואיים, קהילה ואחרים, לגבי הנזקקים לטיפול בנושאים הקשורים בחולי ובריאות קשר עם גורמים קהילתיים לצורך סיוע והנגשת זכויות למטופל בתחומים הרלוונטיים הוצאה לפועל של תוכנית הטיפול שהותוותה, תוך תיאום עם הגורמים הרלוונטים וקשר שוטף עם הצוות הרב מקצועי במרפאה ובמחוז. מעקב אחר ביצוע תכנית הטיפול דרישות התפקיד: תואר שני לפחות בעבודה סוציאלית, התמחות במגמה טיפולית יתרון ללומדי/ות או בוגרי/ות תוכניות לפסיכותרפיה במסגרת מוכרת רישיון עיסוק בעבודה סוציאלית תעודת מומחיות בתחום בריאות הנפש - יתרון ניסיון קודם בעבודה סוציאלית במערכת הבריאות -יתרון שליטה מלאה בשפה העברית שליטה בשפה האנגלית כדי קריאת ספרות מקצועית יכולת בין אישיות טובות ויכולת עבודה בצוות יכולת הבעה בכתב ובע""פ *תינתן עדיפות למועמדים/ות עם מוגבלויות"
מנהל/ת אדמיניסטרטיבי/ת במרפאה,מחוז דן פתח תקווה,"פ""ת, בני ברק, רמת גן, אור יהודה, יהוד, אריאל",2025-09-30,https://jobs.clalitapps.co.il/clalit/redmatch-apply/redmatch.apply.html?compPositionID=47014,מנהל ומטה,,"תיאור התפקיד: אחריות ניהולית ומקצועית על הפעילויות האדמיניסטרטיביות והלוגיסטיות במרפאה שותפות בצוות המנהל של המרפאה - גיבוש תכניות עבודה, הנעה והטמעת תהליכים וכלים, ארגון משימות ומשאבים ועוד שותפות בהובלת המרפאה להשגת יעדים בתחומי השירות, האיכות הרפואית, גיוס לקוחות, שיווק שירותים ועוד ניהול צוות אדמיניסטרטיבי של המרפאה - קליטת עובדים, הכשרה ופיתוח, סידורי עבודה, דיווחי שכר, הערכה ומשוב ניהול השירות במרפאה - ניהול תורים ושירותים אדמיניסטרטיביים, מתן מענה כולל לצרכי הלקוחות וטיפול בפניותיהם, ייזום, תכנון ויישום תכניות לשיפור איכות השירות ניהול תפעולי של המרפאה - אחריות על תחזוקת מבנה וציוד ניהול כספים - גביית כספים, תשלומי החזרים והוצאות, הפקדות, רישום ודיווח ממשקים וקשרי עבודה עם גורמים בארגון ומחוצה לו אחריות על נושאים נוספים כגון: הגנת מידע, בטיחות בעבודה, איכות סביבה, שעת חירום ועוד דרישות התפקיד: תואר ראשון בתחומי הניהול או מדעי החברה וההתנהגות. תואר שני - יתרון ניסיון קודם בניהול ו/או בעולמות השירות והמכירה - יתרון ראייה רחבה ומערכתית, יכולת ניתוח והסקת מסקנות יכולת הנעת עובדים ותהליכים, יכולת ארגון ותפעול תודעת שירות גבוהה, יחסי אנוש טובים, שיתוף פעולה בצוות יכולת עבודה בתנאי לחץ ועומס יכולת עבודה בסביבה ממוחשבת שליטה בשפה העברית, שליטה בשפה נוספת - יתרון כושר הבעה בעל פה ובכתב *תינתן עדיפות למועמדים/ות עם מוגבלויות"
פקיד/ת מרפאה,מחוז ירושלים,מעלה אפרים (באיזור בקעת הירדן),2025-09-16,https://jobs.clalitapps.co.il/clalit/redmatch-apply/redmatch.apply.html?compPositionID=48106,מנהל ומטה,,"דרוש/ה פקיד/ה למרפאה במעלה אפרים - החלפה לחופשת לידה עם אופציה היקף המשרה חלקי: 75% (30 ש""ש) תיאור התפקיד: מתן שירות פרונטלי וטלפוני ללקוחות המרפאה בנושאים אדמיניסטרטיביים קביעת תורים לרפואה ראשונית ויועצת והכוונת הלקוחות לשירותים הרפואיים המתאימים מתן מידע על זכויות המגיעות ללקוחות בהתאם לסל השירותים טיפול בנושאי גבייה והחזרים כספיים ללקוחות המרפאה מתן שירות אדמיניסטרטיבי לגורמים במרפאה: רופאים, אחיות, רוקחים, ובעלי מקצוע נוספים מועמדים/ות מתאימים/ות יעברו תהליך מיון הכולל ראיונות, מבחני מחשב ומרכז הערכה דרישות התפקיד: תעודת בגרות מלאה - חובה ניסיון בתפקידי שירות ומכירה - יתרון תודעת שירות גבוהה יחסי אנוש טובים, שיתוף פעולה בצוות יכולת עבודה בסביבה ממוחשבת ובתנאי לחץ ועומס *תינתן עדיפות למועמדים/ות עם מוגבלויות"
פקיד/ת מרפאה,מחוז ירושלים,ישוב עפרה (במטה בנימין),2025-09-11,https://jobs.clalitapps.co.il/clalit/redmatch-apply/redmatch.apply.html?compPositionID=48066,מנהל ומטה,,"דרוש/ה פקיד/ה למרפאה בישוב עפרה שבמטה בנימין היקף המשרה חלקי: 50% (20 ש""ש) תיאור התפקיד: מתן שירות פרונטלי וטלפוני ללקוחות המרפאה בנושאים אדמיניסטרטיביים קביעת תורים לרפואה ראשונית ויועצת והכוונת הלקוחות לשירותים הרפואיים המתאימים מתן מידע על זכויות המגיעות ללקוחות בהתאם לסל השירותים טיפול בנושאי גבייה והחזרים כספיים ללקוחות המרפאה מתן שירות אדמיניסטרטיבי לגורמים במרפאה: רופאים, אחיות, רוקחים, ובעלי מקצוע נוספים מועמדים/ות מתאימים/ות יעברו תהליך מיון הכולל ראיונות, מבחני מחשב ומרכז הערכה דרישות התפקיד: תעודת בגרות מלאה או מבחני חוץ (סאלד) - חובה רכב פרטי - חובה ניסיון בתפקידי שירות ומכירה - יתרון תודעת שירות גבוהה יחסי אנוש טובים, שיתוף פעולה בצוות יכולת עבודה בסביבה ממוחשבת ובתנאי לחץ ועומס *תינתן עדיפות למועמדים/ות עם מוגבלויות"
עבד/ת סוציאל/ית,מחוז דן פתח תקווה,רמת גן,2025-09-11,https://jobs.clalitapps.co.il/clalit/redmatch-apply/redmatch.apply.html?compPositionID=44268,עבודה סוציאלית,,"דרוש/ה עובד/ת סוציאלי/ת מרכז/ת תחום התפתחות הילד בכפיפות למנהלת השרות לעבודה סוציאלית אחראית ישירה על צוות עו""ס במערך התפתחות הילד במחוז דן-פ""ת תיאור התפקיד: הנחיה ותיפעול צוות העו""ס בתחום התפתחות הילד בנושאי מדיניות ונהלי עבודה יוזמה , תכנון ופיתוח תוכניות ופרויקטים לקידום השירות הסוציאלי במערך התפתחות הילד. ביצוע רענון של חוקים ונהלים רלוונטים לתחום מהווה כתובת מקצועית להתייעצות בתחום התפתחות הילד עבור כלל השירות הסוציאלי אחריות על ביצוע בקרת רשומה מקצועית בתיקי המטופלים אחריות על קליטה והתאקלמות העו""סים במכונים להתפתחות הילד וביצוע הערכה תקופתית על תפקודם אחריות על קיום ישיבות צוות מקצועיות של העו""ס אחריות לווידא כי הצוות עומד ביעדי התפוקות כפי שהוגדרו על ידי השירות לעבודה סוציאלית בקרה מקצועית על איכות הטיפול ואיכות השירות הניתן ע""י העו""ס במכונים להתפתחות הילד אחריות על תהליכי ההכשרה וההדרכה של צוות העובדים הסוציאליים במכונים השתלבות בטיפולים פרטניים וקבוצתיים במכון להתפתחות הילד דרישות התפקיד: תואר שני בעבודה סוציאלית קלינית בוגר/ת ביה""ס לפסיכותרפיה - יתרון הכשרה בהדרכה נסיון בהדרכת עובדים נסיון של שנתיים ומעלה בניהול צוות נסיון מוכח במסגרת מכון להתפתחות הילד של שנתיים לפחות *תינתן עדיפות למועמדים/ות עם מוגבלויות"
פקיד/ה איזורי/ת במטה בנימין,מחוז ירושלים,מטה בנימין,2025-09-09,https://jobs.clalitapps.co.il/clalit/redmatch-apply/redmatch.apply.html?compPositionID=48049,מנהל ומטה,,"דרוש/ה פקיד/ה איזורי/ת למרפאות במטה בנימין - בישובים: עפרה, בית אל, עלי, אדם/תל ציון ועוד - מעבר בין המרפאות השונות על פי הצורך היקף המשרה חלקי: 50% (20 ש""ש) תיאור התפקיד: מתן שירות פרונטלי וטלפוני ללקוחות המרפאה בנושאים אדמיניסטרטיביים קביעת תורים לרפואה ראשונית ויועצת והכוונת הלקוחות לשירותים הרפואיים המתאימים מתן מידע על זכויות המגיעות ללקוחות בהתאם לסל השירותים טיפול בנושאי גבייה והחזרים כספיים ללקוחות המרפאה מתן שירות אדמיניסטרטיבי לגורמים במרפאה: רופאים, אחיות, רוקחים, ובעלי מקצוע נוספים מועמדים/ות מתאימים/ות יעברו תהליך מיון הכולל ראיונות, מבחני מחשב ומרכז הערכה דרישות התפקיד: תעודת בגרות מלאה או מחבני חוץ (סאלד) - חובה רכב פרטי - חובה ניסיון בתפקידי שירות ומכירה - יתרון תודעת שירות גבוהה יחסי אנוש טובים, שיתוף פעולה בצוות יכולת עבודה בסביבה ממוחשבת ובתנאי לחץ ועומס *תינתן עדיפות למועמדים/ות עם מוגבלויות"
עובד/ת מעבדה,מרכז רפואי קפלן,רחובות,2025-09-03,https://jobs.clalitapps.co.il/clalit/redmatch-apply/redmatch.apply.html?compPositionID=48018,מעבדות רפואיות,,למרכז הרפואי קפלן דרוש/ה עובד/ת מעבדה ל דיאגנוסטיקה רפואית לתפקיד המשלב עבודה עם המחלקה לפתולוגיה והמחלקה להמטולוגיה תיאור התפקיד: ביצוע בדיקות אבחנתיות במכשור NGS אפיון מחלות המטולוגיות באמצעות מכשיר FACS דרישות התפקיד: ניסיון בעבודת מעבדה מולקולרית - חובה תואר ראשון בתחום הביולוגיה - חובה תואר שני/שלישי בתחומי ביולוגיה/ביוטכנולוגיה/רפואה -יתרון תעודת הכרה במעמד עובד/ת מעבדה רפואית מטעם משרד הבריאות - יתרון ניסיון בביצוע אנליזות לתוצאות פאנלים ב- NGS - יתרון *תינתן עדיפות למועמדים/ות עם מוגבלויות
פקיד/ת קבלה ומיון,מרכז רפואי מאיר,מרכז רפואי מאיר,2025-08-26,https://jobs.clalitapps.co.il/clalit/redmatch-apply/redmatch.apply.html?compPositionID=47152,מנהל ומטה,,"תיאור התפקיד: קבלה ושחרור מטופלים דחופים הפונים למיון טיפול בנושאים כספיים, גבייה והחזרים תיעוד ודיווח על הפעולות שבוצעו במערכות ממוחשבות דרישות התפקיד: תעודת 12 שנות לימוד/ תעודת בגרות מלאה יתרון לניסיון קודם בקבלת קהל או שירות בתחום הבריאות שליטה במחשב ובתוכנות Office שליטה מלאה בשפה העברית. יתרון לידיעה של שפה נוספות יכולת עבודה בסביבה לחוצה וריבוי משימות יחסי אנוש טובים, תודעת שירות גבוהה עבודה במשמרות 24/7, כולל סופי שבוע וחגים *תינתן עדיפות למועמדים/ות עם מוגבלויות"
קלינאי/ת תקשורת - בתחום השמיעה,מחוז דרום,"נתיבות, אשקלון, באר שבע",2025-08-25,https://jobs.clalitapps.co.il/clalit/redmatch-apply/redmatch.apply.html?compPositionID=48005,קלינאות תקשורת,,"כללית מרחיבה את שירותיה ומזמינה אותך להצטרף לעבודה מעניינת ומאתגרת אנו מחפשים קלינאי/ת תקשורת ל: מכון שמיעה בנתיבות שירות התאמת מכשירי שמיעה - באר שבע ואשקלון הזדמנות להיות חלק מצוות איכותי, מקצועי, משפיע ומוביל קבלת הדרכה, השתתפות בימי עיון, השתלמויות אפשרות לשילוב תחומים, מסלול פיתוח אישי ותנאי שכר טובים ניסיון קודם, מהווה יתרון דרישות התפקיד : תואר ראשון בקלינאות תקשורת תעודת קלינאי/ת תקשורת מטעם משרד הבריאות עברית ברמת שפת אם שליטה באנגלית כדי קריאת ספרות מקצועית כושר הבעה בכתב ובעל פה יכולת עבודה בסביבה ממוחשבת יחסי אנוש טובים ויכולת עבודה בצוות יוזמה ופרו-אקטיביות ללמידה ולעשייה מקצועית * תינתן עדיפות למועמדים/ות עם מוגבלויות"
קלינאי/ת תקשורת - בתחום התפתחות הילד במחוז דרום,מחוז דרום,"שדרות, קרית גת, דימונה, ערד, אשקלון, באר שבע",2025-08-25,https://jobs.clalitapps.co.il/clalit/redmatch-apply/redmatch.apply.html?compPositionID=46966,קלינאות תקשורת,,"כללית מרחיבה את שירותיה ומזמינה אותך להצטרף לעבודה משמעותית, מעניינת ומאתגרת בצוות מקצועי גדול ואיכותי דרושים/ות קלינאי/ות תקשורת לעבודה בתחום התפתחות הילד העבודה במחוז דרום: בשדרות, קרית גת, דימונה, ערד, אשקלון ובאר שבע. אפשרות לעבודה בצוות רב מקצועי, ובשילוב תחומים ויחידות. כוללת הדרכה, ימי עיון והשתלמויות. השתתפות בפרויקטים. אפשרויות קידום וגמישות תעסוקתית. יציבות וביטחון תעסוקתי, תנאים סוציאליים מהטובים במשק. דרישות התפקיד : תואר ראשון בקלינאות תקשורת רישיון עיסוק במקצוע - תעודת הכרה במעמד של משרד הבריאות עברית ברמת שפת אם שליטה באנגלית כדי קריאת ספרות מקצועית כושר הבעה בכתב ובעל פה יכולת עבודה בסביבה ממוחשבת יחסי אנוש טובים ויכולת עבודה בצוות * תינתן עדיפות למועמדים/ות עם מוגבלויות"
קלינאי/ת תקשורת,מחוז דן פתח תקווה,הוד השרון,2025-08-25,https://jobs.clalitapps.co.il/clalit/redmatch-apply/redmatch.apply.html?compPositionID=46479,קלינאות תקשורת,,"דרוש/ה קלינאי/ת תקשורת ליחידת שיקום יום רב תחומית בהוד השרון תיאור התפקיד: ביצוע אבחון והערכה למבוגרים בתחומי השמיעה, השפה, הדיבור והבליעה. בתחום השמיעה: ביצוע בדיקות שמיעה לבדיקת סף השמיעה ובדיקות נוירופיזיולוגיות בתחום השפה והדיבור: הערכת הפרעות שפה נרכשות, הפרעות בקצב הדיבור, בעיות קול ובליעה. קביעת תוכנית טיפולית, וטיפול בהתאם לממצאי ההערכה לקיחת חלק פעיל בעבודת צוות מקצועי ורב מקצועי השתתפות בימי עיון והשתלמויות, התעדכנות בחידושים מקצועיים אפשרות להשתתפות בפרויקטים ובמחקרים דרישות התפקיד: תואר ראשון בקלינאות תקשורת רשיון עיסוק במקצוע - תעודת הכרה במעמד של משרד הבריאות שליטה בשפה העברית ברמת שפת אם שליטה באנגלית כדי קריאת ספרות מקצועית ידיעת שפה נוספת - יתרון כושר הבעה בכתב ובעל פה יכולת עבודה בסביבה ממוחשבת, שליטה בתוכנות Office יחסי אנוש טובים ויכולת עבודה בצוות יכולת הסתגלות לסביבות עבודה משתנות סקרנות ומוטיבציה ללמידה ולהתפתחות מקצועית *תינתן עדיפות למועמדים/ות עם מוגבלויות"
רופא/ת ילדים PEDIATRICIAN,מחוז שרון שומרון,נתניה /טירה/טייבה /צור יצחק,2025-08-21,https://jobs.clalitapps.co.il/clalit/redmatch-apply/redmatch.apply.html?compPositionID=46958,רפואה,,"דרוש/ה רופא/ת ילדים מומחה ברפואת ילדים לכללית באיזור נתניה/טייבה/טירה/צור יצחק/כפר יונה בואו לארגון הבריאות הגדול במדינה ותזכו ל: אופק ניהולי פיתוח אישי ומקצועי תנאים סוציאליים מצויניים מה נדרש? ביצוע אבחונים, גיבוש תוכניות טיפול וטיפול במטופלים במרפאה במסגרת רפואת המשפחה עידוד מעורבות פעילה של הורי המטופל בטיפול ובמעקב אחר הילד השתתפות בוועדות, ישיבות ודיונים בנושאים מקצועיים שונים במרפאה ובמחוז העברת מידע רפואי, בכתב או בעל פה, על פי הצורך ובהתאם לדרישות ולנהלים קשרי עבודה עם גורמים שונים בקהילה ועם גורמי חוץ כגון: אקדמיה, בתי חולים ועוד ביצוע פעילות אקדמית של הדרכה ומחקר במסגרת הקהילה ומוסדות אקדמים על פי הצורך והמצאי השתלבות במערך הרפואה המחוזי, על פי המקובל ובהתאם להסכמים ולצרכים התעדכנות מקצועית שוטפת באמצעות ספרות מקצועית, מקורות מידע מקוונים, כנסים, השתלמויות ועוד ביצוע מטלות נוספות בתחום המקצועי לפי הוראות הממונה דרישות התפקיד: תואר MD ברפואה רישיון ישראלי לעסוק ברפואה תעודה מוכרת של מומחיות ברפואת ילדים תקשורת בין אישית טובה עם מטופלים ובני משפחותיהם שיתוף פעולה בצוות שירותיות, סבלנות ואמפתיה לזולת *תינתן עדיפות למועמדים/ות עם מוגבלויות"
רופא/ה מתמחה לרפואת משפחה,מחוז ירושלים,"בית שמש, ירושלים, עין גדי",2025-08-18,https://jobs.clalitapps.co.il/clalit/redmatch-apply/redmatch.apply.html?compPositionID=47712,רפואה,,"תיאור התפקיד : מסלול התמחות בן 4 שנים. הכולל את השלבים הבאים: 15 חודשים במחלקה לרפואת המשפחה - מרפאת שלב א' בליווי מדריך 9 חודשים במחלקה פנימית חודשיים במחלקה לרפואה דחופה 5 חודשים ברפואת ילדים : חודשיים במחלקת ילדים, חודשיים במחלקה לרפואה דחופה ילדים, חודש במרפאת ילדים בבי""ח או מרפאת ילדים בקהילה או אשפוז יום ילדים חודשיים במרפאה פסיכיאטרית אמבולטורית בקהילה או בבית החולים חודשיים רוטציות לבחירה ממגוון מקצועות חודש במחלקה לרפואת המשפחה 12 חודשים במחלקה לרפואת המשפחה - מרפאה שלב ב' קורס אוניברסיטאי ברפואת המשפחה דרישות התפקיד : השכלה אקדמית - תואר MD רישיון ממשלתי בתוקף ורישוי לעסוק במקצוע הרפואה במדינת ישראל *ניתן להגיש מועמדות במהלך הסטאז' ולפני קבלת הרישיון"
פקיד/ה במרפאה,מחוז ירושלים,"דרום ירושלים (קריית היובל, קטמון-צומת פת, בית וגן, הר חומה)",2025-08-12,https://jobs.clalitapps.co.il/clalit/redmatch-apply/redmatch.apply.html?compPositionID=47962,מנהל ומטה,,"תיאור התפקיד: מתן שירות פרונטלי וטלפוני ללקוחות המרפאה בנושאים אדמיניסטרטיביים קביעת תורים לרפואה ראשונית ויועצת, והכוונת הלקוחות לשירותים הרפואיים המתאימים מתן מידע על זכויות המגיעות ללקוחות בהתאם לסל השירותים טיפול בנושאי גבייה והחזרים כספיים ללקוחות המרפאה מתן שירות אדמיניסטרטיבי לגורמים במרפאה: רופאים, אחיות, רוקחים, ובעלי מקצוע נוספים היקף משרה חלקי (20-30 ש""ש, כלומר 50-75% משרה) מועמדים מתאימים יעברו תהליך מיון הכולל ראיונות, מבחני מחשב ומרכז הערכה דרישות התפקיד: תעודת בגרות מלאה (או מבחני חוץ או תאווג'יהי) - חובה ניסיון בתפקידי שירות ומכירה - יתרון תודעת שירות גבוהה יחסי אנוש טובים, שיתוף פעולה בצוות יכולת עבודה בסביבה ממוחשבת ובתנאי לחץ ועומס *תינתן עדיפות למועמדים/ות עם מוגבלויות"
עובד/ת סוציאלי/ת,מחוז דן פתח תקווה,"מחוז דן-פ""ת",2025-08-12,https://jobs.clalitapps.co.il/clalit/redmatch-apply/redmatch.apply.html?compPositionID=47960,עבודה סוציאלית,,"למחוז דן-פ""ת דרוש/ה רפרנט/ית לתחום האוטיזם לחצי משרה תיאור התפקיד: הובלה של תחום האוטיזם ברמה מחוזית הערכות פסיכוסוציאליות ניתוב לגורמים טיפולים מיצוי זכויות ומתן מידע על מסגרות משלימות ליווי וטיפול המשפחות תוך התייחסות הולמת לקשיים המתעוררים לאורך הדרך בקרה על ספקים ומכוני הסדר המטפלים בילדים עם אוטיזם פיתוח קשרי עבודה עם גורמים קהילתיים הדרכות לצוותים הרב מקצועיים, השתתפות ועריכת ישיבות של צוות בכיר בתחום האוטיזם ברמה מחוזית וארצית קידום ימי עיון והשתלמויות בתחום האוטיזם והובלת והכנת בקרות משרד הבריאות לתחום זה. דרישות התפקיד: תואר שני בעבודה סוציאלית ניסיון בתחום האוטיזם חובה ניסיון של שנתיים במכון להתפתחות הילד *תינתן עדיפות למועמדים/ות עם מוגבלויות"
עובד/ת סוציאלי/ת,מחוז מרכז,רמלה,2025-08-06,https://jobs.clalitapps.co.il/clalit/redmatch-apply/redmatch.apply.html?compPositionID=47948,עבודה סוציאלית,,"דרוש/ה עו""ס פסיכותרפיסט/ית למרפאת הפרעות אכילה ברמלה המרפאה כוללת צוות רב מקצועי העבודה מאפשרת התפתחות מקצועית וכוללת הדרכה פרטנית וקבוצתית והעשרה מקצועית תיאורטית ויישומית הקליטה לתפקיד כוללת הכשרה בת 12 מפגשים און ליין תיאור התפקיד: ביצוע הערכה פסיכוסוציאלית קלינית לצורך בניית תוכנית טיפול פסיכותרפיה פרטנית בהתאם לצרכי המטופל ומצבו עבודה מערכתית בהתאם לצרכים השתתפות בישיבות צוות ודיונים קליניים במרפאה במרפאות ילדים ונוער העבודה הטיפולית כוללת עבודה עם ההורים ומערכות חייו של המטופל דרישות התפקיד: רישום בפנקס עו""ס תואר שני בעבודה סוציאלית (עדיפות למסלול טיפולי) ניסיון של לפחות שנתיים בטיפול פסיכותרפויטי במבוגרים/ילדים. לא כולל הכשרה מעשית במסגרת הלימודים לתואר וותק של שנתיים לפחות במרפאה או במחלקה לבריאות הנפש (עדיפות( לא כולל הכשרה מעשית במסגרת הלימודים לתואר בוגרי/ות בי""ס לפסיכותרפיה (עדיפות) לימודי תעודה והסמכה בטיפול משפחתי (יתרון) היקף המשרה - 50% תנאי השכר בהתאם להסכם הקיבוצי במשק *תינתן עדיפות למועמדים/ות עם מוגבלויות"
סייע/ת בריפוי שיניים,מרכז רפואי קפלן,רחובות,2025-07-31,https://jobs.clalitapps.co.il/clalit/redmatch-apply/redmatch.apply.html?compPositionID=47918,אחר,,"למרכז הרפואי קפלן דרוש/ה סייע/ת בריפוי שיניים לעבודה במשרה חלקית (50% משרה) תיאור התפקיד: סיוע לרופא/ת השיניים בטיפול הדנטלי במסגרת מרפאה/יחידה לפה ולסת בבית החולים טיפול בציוד הדנטלי הנייח, בדיקת אחזקתו התקינה ומעקב אחר ביצוע תיקונים בו ריכוז הזמנות לרכישה של ציוד וחומרים עפ""י הנהלים הקיימים הכנת חומרים לטיפול ולחלק אותם עפ""י צרכי העבודה טיפול בפינוי פסולת רפואית עפ""י הנהלים ביצוע תפקידים נוספים עפ""י הנחיות הממונים דרישות התפקיד: דיפלומה ממוסד מוכר כסייע/ת שיניים (לבוגר/ת חו""ל השכלת שוות ערך ללימודים בארץ) עמידה בהצלחה בבחינות הממשלתיות לסייע/ת לרופא/ת שיניים ידיעת השפה העברית על בורייה ידיעת שפה לועזית כדי קריאת מונחים מקצועיים-יתרון כושר ארגון ותכנון *תינתן עדיפות למועמדים/ות עם מוגבלויות"
מזכיר/ה למכון הדימות,מרכז רפואי מאיר,מרכז רפואי מאיר- כפר סבא,2025-07-31,https://jobs.clalitapps.co.il/clalit/redmatch-apply/redmatch.apply.html?compPositionID=47916,מנהל ומטה,,"למרכז רפואי מאיר דרוש/ה מזכיר/ה למכון הדימות למשרה חלקית או מלאה, במשמרות תיאור התפקיד: קבלת חולים המופנים ממחלקות בית החולים כולל רפואה דחופה (מיונים), מרפאות ומכונים טיפול בפניות והזמנות לבדיקות מגורמים פנימיים או חיצוניים קבלת הזמנות ממוחשבות, זיהוי הבדיקה הנדרשת, פנייה לצוותי רפואה מענה טלפוני לפניות של נבדקים, רופאים וצוותים רפואיים קביעת תורים לבדיקות אמבולטוריות רישום ותיעוד נתוני נבדקים ובדיקות במערכות המחשוב וטיפול במסמכים הנלווים קשרי עבודה טובים 50% משרה 2-3 משמרות בשבוע (8 שעות משמרת) העבודה במשמרות שכוללות לילה וסופ""ש לפחות פעם בחודש *המשרה יכולה להתאים גם לסטודנטים/ות ניתן לעבוד במשרה מלאה או חלקית דרישות התפקיד : תעודת בגרות - חובה תעודת מזכירות רפואית - יתרון ידיעת השפה העברית על בוריה יתרון לידיעת שפות נוספות יחסי עבודה ואנוש תקינים, שירותיות, אחריות ויכולת ניהול זמן עצמאות, יכולת ניהול זמן, יסודיות ושמירה על דיסקרטיות * תינתן עדיפות למועמדים/ות עם מוגבלויות"
עובד/ת מינהל,מחוז דן פתח תקווה,בני ברק,2025-07-31,https://jobs.clalitapps.co.il/clalit/redmatch-apply/redmatch.apply.html?compPositionID=46622,מנהל ומטה,,"דרוש/ה עובד/ת מנהל למרפאה עצמאית בבני ברק לחצי משרה שלוש פעמים בשבוע אחר הצהריים וימי שישי קבוע תיאור התפקיד: מתן שירות פרונטלי וטלפוני ללקוחות המרפאה קביעת תורים לרפואה ראשונית ויועצת והכוונת לקוחות לשירותים הרפואיים המתאימים מתן מידע על זכויות המגיעות ללקוחות טיפול בנושאי גבייה והחזרים כספיים ללקוחות טיפול בקליטת לקוחות חדשים מתן שירות אדמיניסטרטיבי לגורמים בתוך המרפאה שותפות בהשגה ומימוש יעדי המרפאה בתחומי השירות, האיכות הרפואית, גיוס לקוחות, שיווק שירותים ועוד דרישות התפקיד: תעודת בגרות מלאה ניסיון בתפקידי שירות ומכירה - יתרון תודעת שירות גבוהה יחסי אנוש טובים, שיתוף פעולה בצוות ייצוגיות יכולת עבודה בסביבה ממוחשבת יכולת עבודה בתנאי לחץ ועומס שליטה בשפה העברית שליטה בשפה נוספת - יתרון כושר הבעה גבוה בכתב ובע""פ *תינתן עדיפות למועמדים/ות עם מוגבלויות"
דיאטן/ית קליני/ת,מחוז דן פתח תקווה,רמת גן,2025-07-30,https://jobs.clalitapps.co.il/clalit/redmatch-apply/redmatch.apply.html?compPositionID=47390,תזונה ודיאטה,,"דרוש/ה דיאטן/ית קליני/ת ביחידה להפרעות אכילה ל 50% משרה, ברמת גן תיאור התפקיד: טיפול בנושאי תזונה ודיאטה בהתאמה אישית בהיבטים קליניים, תרבותיים, חברתיים וכלכליים ריענון ועדכון ידע תזונתי לצוותים הרפואיים השונים שותפות פעילה בצוותים רב מקצועיים העברת הרצאות וסדנאות בקבוצות אוכלוסייה שונות בתחום התזונה שותפות בעריכת מחקרים וסקרים בקרב האוכלוסיה בקהילה התעדכנות שוטפת בידע מקצועי באופן עצמאי ובאמצעות מערך התזונה והדיאטה בכללית דרישות התפקיד: תואר ראשון במדעי התזונה, ממוסד המוכר ע""י המועצה להשכלה גבוהה רישוי משרד הבריאות לעיסוק דיאטן/תזונאי (נדרשים סטאז' ובחינה) התמחות בתחום הפרעות אכילה - חובה ניסיון בעבודה ביחידה להפרעות אכילה או מסגרת רב תחומית אחרת - שנה לפחות יתרון לבעלי תואר נוסף בתחום מדעי התזונה, מדעי ההתנהגות או בריאות הציבור יתרון לבעלי הכשרה בתחומים: הנחיית קבוצות, CBT יכולת עבודה בצוות *תינתן עדיפות למועמדים/ות עם מוגבלויות"
עובד/ת סוציאלי/ת,מחוז ירושלים,"בית שמש, מזרח ירושלים",2025-07-23,https://jobs.clalitapps.co.il/clalit/redmatch-apply/redmatch.apply.html?compPositionID=47760,עבודה סוציאלית,,"למכונים להתפתחות הילד במחוז ירושלים דרושים/ות עו""ס לעבודה מגוונת ומשמעותית עם הורים וילדיהם בצוות רב-מקצועי תוך הדרכה ופיתוח מקצועי באזורים: ירושלים (תלפיות, רמת אשכול, פסגת זאב, בית חנינא, צור באחר), בית שמש, בית""ר עלית, אפרת, מבשרת ציון, מעלה אדומים תיאור התפקיד: ליווי משפחות בתהליכי השמה למסגרות חינוך מיוחד הדרכות הורים עבודה טיפולית עם ילדים עבודת ניהול, תיווך ותיאום טיפול ( Case Management ) השתתפות בשיחות סיכום למתן אבחנה, כולל ליווי בעיבוד האבחנה, יישום המלצות ומיצוי זכויות ייעוץ לצוות המטפלים הרב-מקצועי במכון סביב סוגיות פסיכו-סוציאליות דרישות התפקיד: תואר שני בעבודה סוציאלית עדיפות לניסיון טיפולי בתחום הילדים והמשפחה עדיפות ללימודי המשך בתחום הטיפול *תינתן עדיפות למועמדים/ות עם מוגבלויות"
מאמן/ת כושר - שיקום הלב,מרכז רפואי מאיר,מרכז רפואי מאיר - כפר סבא,2025-07-16,https://jobs.clalitapps.co.il/clalit/redmatch-apply/redmatch.apply.html?compPositionID=46360,תזונה ודיאטה,,"דרוש/ה מאמן/ת כושר שיקומי/ת למכון הלב - משרה חלקית 25% תיאור תפקיד: אימון חולים במחלות כרוניות ומחלות לב וכלי דם במסגרת יחידת השיקום ורפואת הספורט בבית החולים, בהתאם לתוכניות שיקום שנקבעו על ידי פיזיולוג ייעוץ לחולים ומטופלים בנושאי פעילות גופנית מומלצת, תוך התייחסות כוללנית לקיומם של גורמי סיכון (משקל יתר, סוכרת, יתר לחץ דם, מחלות כרוניות ובעיות בריאות נלוות), על פי המלצות רופא ופיזיולוג מעקב ובקרה על ביצוע נכון של התוכנית שהותוותה לכל מטופל השתתפות באופן פעיל בתרגול החולה/המטופל קשרים עם צוות בין מקצועי, לשם תיאום, היוועצות ועדכון הדדיים תיאום ביצוע התפקיד מול הפיזיולוג הממונה ודיווח על מהלך השיקום, בהתאם לנהלי הדיווח ביחידה/מכון ביצוע תפקידים נוספים בתחום המקצועי, על פי הנחיות ממונה דרישות התפקיד: ת ואר ראשון במדעי החינוך הגופני או פיזיותרפיה תעודת הוראה מאמן כושר גופני יתרון לבוגרי/ות מגמת שיקום לב ריאה רצוי ניסיון בתחום המקצועי יכולת גופנית טובה רגישות וסבלנות לזולת עמידה בלחץ מצבי חירו ם *תינתן עדיפות למועמדים/ות עם מוגבלויות"
עובד/ת סוציאלי/ת להוספיס בית ברהט,מחוז דרום,רהט,2025-07-10,https://jobs.clalitapps.co.il/clalit/redmatch-apply/redmatch.apply.html?compPositionID=47840,עבודה סוציאלית,,"רוצה תפקיד עם משמעות ונתינה? זה הזמן להצטרף אלינו ! דרוש/ה עובד/ת סוציאלי/ת להוספיס בית ברהט אנו מחפשים עובד/ת סוציאלית עם לב ענק, רגישות ויכולת מקצועית גבוהה להצטרף אלינו! היחידה להוספיס בית נותנת טיפול מקיף ותומך למטופלים עם מחלות חשוכות מרפא במצבי סוף חיים בבאר שבע. ליווי המטופלים ובני משפחותיהם נעשה בעבודת צוות רב מקצועי. מהות התפקיד: תמיכה ולווי המטופל ומשפחתו בשלבים המתקדמים והסופיים של המחלה. מתן דגש על איכות החיים, תמיכה בתהליכי סוף חיים וקבלת החלטות, בתפיסה פליאטיבית הרואה את האדם בשלמותו תוך חיזוק כוחות והמטופל ובני משפחתו. מתן סיוע והכוונה למשפחות בנושאים סוציאליים רפואיים וזכויות רפואיות. תיאום וקישור מול גורמים בקהילה. עבודה משותפת עם צוות רב מקצועי. דרישות התפקיד : תואר ראשון בעבודה סוציאלית ורישום בפנקס העובדים הסוציאליים. תואר שני ו/או ניסיון בעבודה סוציאלית בתחום הבריאות והטיפול הפליאטיבי- יתרון ניסיון טיפולי- יתרון יכולת הכלה, רגישות ותקשורת בין-אישית מצוינת יכולת עבודה עצמאית לצד עבודה בצוות רב מקצועי נדרשת ניידות ברכב עקב הצורך בביקורי בית דובר/ת ערבית ברמה טובה- חובה היקף המשרה 50-100% ההעסקה בהתאם להסכם השכר הקיבוצי סיפוק, הדרכה והתפתחות מקצועית מובטחים ! *תינתן עדיפות למועמדים/ות עם מוגבלויות"
יועצ/ת גנטי/ת,מרכז רפואי קפלן,רחובות,2025-07-10,https://jobs.clalitapps.co.il/clalit/redmatch-apply/redmatch.apply.html?compPositionID=47205,אחר,,"דרוש/ה יועץ/ת גנטי/ת לעבודה מידית במשרה מלאה (גמישות למשרה חלקית) קיימת אפשרות להתמחות בייעוץ גנטי בבית החולים תיאור התפקיד: איסוף וקבלת נתונים קליניים ומשפחתיים רלוונטיים לצורך ייעוץ מסירת מידע וייעוץ למטופלים בהתאם לנתונים הקליניים והגנטיים וממצאי הבדיקות הגנטיות הכנת סיכום של הייעוץ הגנטי ומכתב סיכום של התוצאות והמלצות לנועצ/ת ומשפחתם קשרי עבודה מקצועיים ומנהליים עם גורמים שונים במוסד, בארגון ומחוץ להם התעדכנות מקצועית באופן שוטף ורציף באמצעות עיון בספרות מקצועית, איתור חומרים ברשת, ימי עיון, כנסים ועוד ביצוע סקרים ועבודות מחקר בתחום הגנטי מתן הדרכה מקצועית בתחום לסטודנטים ומתלמדים אחרים השתתפות בפגישות צוות של יועצים וכן עם גורמים בביית החולים, בארגון ומחוצה לו. כנציג המכון הגנטי טיפול בנושאים מנהליים ומשרדיים, הקשורים לפעילות המקצועית דרישות התפקיד: השכלה אקדמית תואר שני בייעוץ גנטי, גנטיקה של האדם ממוסד מוכר בארץ או בעולם תעודת הכרה (ממשרד הבריאות). במעמד של יועץ גנטי או אישור לביצוע התמחות הכרת הבדיקות המעבדתיות הרלבנטיות הכרה וידע בשימוש בכלים ביו-אינפורמטיביים להשגת מידע ידע בשימוש במערכות המחשוב הרלבנטיות ידיעת השפה העברית על בוריה ידיעת השפה האנגלית, לצורך קריאת ספרות מקצועית יתרון בידיעת שפה נוספת: ערבית/רוסית/אמהרית לצורך מפגש עם המטופלים יחסי אנוש טובים *תינתן עדיפות למועמדים/ות עם מוגבלויות"
פיזיותרפיסט/ית למרכזי שיקום יום במחוז דרום,מחוז דרום,אשקלון ודימונה,2025-07-08,https://jobs.clalitapps.co.il/clalit/redmatch-apply/redmatch.apply.html?compPositionID=47832,פיזיותרפיה,,"דרוש/ה פיזיותרפיסט/ית למרכזי שיקום יום כללית מחוז דרום מתחדשת ופותחת מרכזי שיקום יום בקהילה, באשקלון ובדימונה אם את/ה פיזיותרפיסט/ית, בעל/ת יוזמה ורצון להוביל בתחום השיקום, מקומך איתנו! הצטרף/י אלינו לעשייה משמעותית, יומיומית ופורצת דרך היקף המשרה 50%-100% הזדמנות להיות חלק מצוות איכותי, מקצועי, משפיע ומוביל עבודה ולמידה בצוות רב מקצועי קבלת הדרכה והשתתפות בישיבות צוות מסלול פיתוח אישי וקידום תנאי שכר טובים תיאור התפקיד: אבחון, הערכה וקביעת תוכנית התערבות מקצועית למטופל ביצוע טיפולים אישיים או קבוצתיים, בהתאם לצרכים הרפואיים של המטופלים השתתפות בישיבות הצוות ובדיונים הקשורים למטופלים השתתפות בישיבות צוות רב מקצועי, והדרכות הצוות בנושאים מתחום הפיזיותרפיה השתתפות בעריכת מחקרים ובהדרכת סטודנטים מהחוגים לפיזיותרפיה השתתפות בפעילויות לחינוך וקידום בריאות של מטופלים, כגון סדנאות והרצאות דרישות התפקיד : תואר ראשון בפיזיותרפיה תעודת עיסוק בפיזיותרפיה - משרד הבריאות יחסי אנוש טובים ויכולת עבודה בצוות *תינתן עדיפות למועמדים/ות עם מוגבלויות"
מרפא/ה בעיסוק,מחוז דרום,"אשקלון, דימונה",2025-07-06,https://jobs.clalitapps.co.il/clalit/redmatch-apply/redmatch.apply.html?compPositionID=47813,ריפוי בעיסוק,,"כללית מחוז דרום מתחדשת ופותחת מרכזי שיקום יום בקהילה באשקלון ובדימונה אם את/ה מרפא/ה בעיסוק , בעל/ת יוזמה ורצון להוביל בתחום השיקום, מקומך איתנו! הצטרף/י אלינו לעשייה משמעותית , יומיומית ופורצת דרך! היקף המשרה 50%-100% הזדמנות להיות חלק מצוות איכותי, מקצועי, משפיע ומוביל. העבודה הינה בצוות רב מקצועי וכוללת הדרכה, השתתפות בפרויקטים ומחקרים, ימי עיון והשתלמויות אפשרות לשילוב תחומים, מסלול פיתוח אישי וקידום ותנאי שכר טובים. תיאור התפקיד : אבחון והערכה, קביעת תוכנית התערבות מקצועית, טיפול, ייעוץ והדרכה ייצוג המקצוע וייעוץ לגורמי טיפול נוספים - במסגרת צוות רב מקצועי או במסגרות אחרות בקהילה ובבתי החולים של כללית הכשרה ופיתוח מקצועי לצורך רכישת ידע ומיומנויות עדכניים השתתפות בישיבות צוות ובקבוצות ללמידת עמיתים אפשרות להשתתפות בקבוצות מחקר בריפוי בעיסוק ובמגוון תחומים ברפואה אפשרות להשתתפות בצוותים חוצי ארגון, העוסקים בפיתוח תכניות התערבות חדשניות דרישות התפקיד : תואר ראשון (לפחות) בריפוי בעיסוק תעודת מרפא/ה בעיסוק מטעם משרד הבריאות שליטה מלאה בעברית ושליטה באנגלית כדי קריאת ספרות מקצועית רלוונטית יחסי אנוש טובים יכולת עבודה בצוות יוזמה ופרו-אקטיביות ללמידה ולעשייה מקצועית *תינתן עדיפות למועמדים/ות עם מוגבלויות"
פקיד/ת מרפאה,מחוז שרון שומרון,"כפר יונה, קדימה, אבן יהודה",2025-07-01,https://jobs.clalitapps.co.il/clalit/redmatch-apply/redmatch.apply.html?compPositionID=47795,מנהל ומטה,,"למרפאות באזור כפר יונה והסביבה דרוש/ה פקיד/ה בחצי משרה המשרה כוללת עבודה במספר מרפאות באזור 4 ימים בשבוע 8.00-12.00/13.00 פעם בשבוע 16.00-19.00 יום שישי לסירוגין 8.00-12.00 תיאור התפקיד: מתן שירות פרונטלי וטלפוני ללקוחות המרפאה בנושאים אדמיניסטרטיביים קביעת תורים לרפואה ראשונית ויועצת והכוונת הלקוחות לשירותים הרפואיים המתאימים מתן מידע על זכויות המגיעות ללקוחות בהתאם לסל השירותים טיפול בנושאי גבייה והחזרים כספיים ללקוחות המרפאה טיפול בקליטת לקוחות חדשים במרפאה מתן שירות אדמיניסטרטיבי לגורמים בתוך המרפאה: רופאים, אחיות, רוקחים, ובעלי מקצוע נוספים שותפות בהשגה ובמימוש יעדי המרפאה בתחומי השירות, האיכות הרפואית, גיוס לקוחות, שיווק שירותים ועוד דרישות התפקיד: תעודת בגרות מלאה - חובה ניסיון בתפקידי שירות ומכירה - יתרון תודעת שירות גבוהה יחסי אנוש טובים, שיתוף פעולה בצוות יכולת עבודה בסביבה ממוחשבת יכולת עבודה בתנאי לחץ ועומס שליטה בשפה העברית, שליטה בשפה נוספת - יתרון כושר הבעה גבוה בכתב ובע""פ *תינתן עדיפות למועמדים/ות עם מוגבלויות"
פרח רוקחות,מחוז שרון שומרון,כפר סבא,2025-07-01,https://jobs.clalitapps.co.il/clalit/redmatch-apply/redmatch.apply.html?compPositionID=47793,אחזקה ולוגיסטיקה,,"לבית מרקחת באבן יהודה / כפר סבא דרוש/ה פרח רוקחות במשרה חלקית, 4 ימים בשבוע 8-13 תיאור התפקיד: אחריות על סידור בית המרקחת קבלת/פריקת סחורה טיפול בתרופות שאינן בתוקף ליקוט תרופות מענה טלפוני דרישות התפקיד: בגרות מלאה יחסי אנוש טובים שיתוף פעולה בצוות יכולת עבודה בסביבה ממוחשבת יכולת עבודה בתנאי לחץ ועומס *תינתן עדיפות למועמדים/ות עם מוגבלויות"
רופא/ה מומחה/ית נוירולוגיה ילדים - pediatric neurology specialist,מחוז צפון,בית שאן,2025-07-01,https://jobs.clalitapps.co.il/clalit/redmatch-apply/redmatch.apply.html?compPositionID=47790,רפואה,,"דרוש/ה רופא/ה מומחה/ית בנוירולוגיה ילדים למרכז בריאות הילד בית שאן תיאור התפקיד ביצוע אבחונים, גיבוש תוכניות טיפול וטיפולים בחולים במחלקה ו/או במרפאה במסגרת תחום המומחיות השתתפות בישיבות ובדיונים בנושאים מקצועיים או למקרים פרטניים, השתתפות בוועדות שונות במחוז/ מינהלת/ מרפאה העברת מידע רפואי, בכתב או בעל פה, בהתאם לדרישות ולנהלים קשרי עבודה עם גורמים שונים בקהילה (קשרי ייעוץ והיוועצות) ועם גורמים חיצוניים (אקדמיה, גורמי טיפול בבתי חולים ועוד) ביצוע פעילות אקדמית של הדרכה ומחקר במסגרת הקהילה ומוסדות אקדמיים על פי הצורך השתלבות במערך המחוז על פי המקובל ובהתאם להסכמים והצרכים קיום מפגשים עם מטופלים ובני משפחה לאיסוף ומתן מידע התעדכנות מבחינה מקצועית שוטפת, באמצעות ספרות מקצועית, אינטרנט, כנסים, השתלמויות ועוד ביצוע מטלות נוספות, בתחום המקצועי, לפי הוראות הממונה דרישות התפקיד השכלה אקדמית (תואר M.D .) ברפואה רישיון ישראלי לעסוק ברפואה רופא/ה שסיים/ה מסלול התמחות, אך לא עמד/ה בבחינות לקבלת תואר מומחה/ית, או רופא/ה מומחה/ית מחו""ל שלא קיבל/ה הכרה בישראל כמומחה/ית ושהינו/ה בעל/ת ותק של 7 שנים כרופא/ה מומחה/ית מחו""ל ידע מקצועי נרחב ועדכני בתחום הפעילות המקצועית הכרת החוקים, התקנות והנהלים הרלוונטיים ידע בהפעלת מערכות מחשב רלוונטיות ידיעת השפה העברית על בורייה ידיעת השפה האנגלית (כדי קריאת ספרות מקצועית) מקצוענות אבחנתית וביצועית יכולת שיתוף פעולה בצוות יחסי אנוש טובים *תינתן עדיפות למועמדים/ות עם מוגבלויות"
עובד/ת סוציאלי/ת- מחלקת מיון והשהייה,מרכז לבריאות הנפש שלוותה,הוד השרון,2025-06-23,https://jobs.clalitapps.co.il/clalit/redmatch-apply/redmatch.apply.html?compPositionID=47522,עבודה סוציאלית,,"למחלקת מיון והשהיה דרוש/ה עובד/ת סוציאלי/ת תיאור התפקיד : הערכת המטופל בנית תוכנית התערבות אינטנסיבית טיפול פרטני בגישות טיפול שונות עבודה בצוות רב מקצועי, אופי עבודה דינמי ומגוון אפשרות להתפתחות מקצועית, ללמידה ולמחקר אפשרות למשרה מלאה דרישות התפקיד : תואר שני בעו""ס ניסיון בבריאות הנפש- חובה *תינתן עדיפות למועמדים/ות עם מוגבלויות"
עובד/ת לקיחת דם ורידי,מרכז רפואי קפלן,רחובות,2025-06-19,https://jobs.clalitapps.co.il/clalit/redmatch-apply/redmatch.apply.html?compPositionID=47730,אחר,,"למרכז רפואי קפלן ברחובות דרוש/ה עובד/ת לקיחת דם ורידי לעבודה במשמרות כולל סופישבוע וחגים במשרה חלקית תיאור התפקיד: נטילת דגימות דם לצרכים אבחוניים ממטופלים ושליחתן למעבדה יש לפעול בהתאם למאושר בתקנות הרופאים ובהתאם למצוין בתעודת ההכשרה נטילת דם קפילרי תתבצע בהתאם לגיל ההרשאה לנטילת דם ורידי, המצוין בתעודת ההכשרה, אלא אם נוטלי הדם קיבלו הרשאה מוסדית תואמת ובכפוף למעבר הכשרה נוספת לנטילת דם קפילרי מנבדקים צעירים יותר הכנסת צנתר לווריד פריפרי: הרשאה אישית לנוטל דם להכנסת צנתר ורידי פריפרי תינתן מטעם המנהל הרפואי של בית החולים רק לאחר השלמת הכשרה פנים מוסדית הכוללת שיעור עיוני והתנסות מעשית בהחדרת 20 צנתרים לווירד פריפרי תחת פיקוח רופא או אחות נטילת דם ורידי או החדרת צנטר יתבצעו רק מגפיו העליונות של המטופל דרישות התפקיד: השכלה - 12 שנות לימוד רישוי- תעודת הסמכה לשאיבת דם ורידי לנבדקים לגילאי 14 ומעלה המוכרת ע""י משרד הבריאות שליטה מצוינת בשפה העברית אנגלית ברמה בסיסית מיומנויות בין אישיות מעולות הקפדה על דיוק ויכולת לעבוד בתנאי לחץ ועמס הבנה בסיסית בהפעלת מחשב *תינתן עדיפות למועמדים/ות עם מוגבלויות"
רופא/ה מומחה/ית בפסיכיאטריה adult psychiatrist,מרכז לבריאות הנפש גהה,פתח תקווה,2025-06-18,https://jobs.clalitapps.co.il/clalit/redmatch-apply/redmatch.apply.html?compPositionID=47761,רפואה,,adult psychiatrist- דרוש/ה פסיכיאטר/ית מומחה/ית במבוגרים ליחידה חדשה לטיפול מרחוק במרכז לבריאות הנפש גהה העבודה הינה ביחידה חדשה לטיפול מרחוק עבור התערבויות הניתנות לטיפול אמבולטורי במצבי החמרה ומשבר אשר מספקת התערבויות טיפוליות מגוונות לאוכלוסייה כלל ארצית ובתוכה אוכלוסיית נפגעי מלחמה. עבודה בשיתוף פעולה מול מחוז דרום ונפגעי טראומה. היקף המשרה - גמיש שילוב עבודה פרונטלית ומקוונת העבודה ביחידה מאפשרת השתייכות ציוותית גמישות והכשרות מגוונות *תינתן עדיפות למועמדים/ות עם מוגבלויות
מזכיר/ה למכון הדימות,מרכז רפואי מאיר,מרכז רפואי מאיר- כפר סבא,2025-06-15,https://jobs.clalitapps.co.il/clalit/redmatch-apply/redmatch.apply.html?compPositionID=47746,מנהל ומטה,,"למרכז רפואי מאיר בכפר סבא דרוש/ה מזכיר/ה למכון הדימות תיאור התפקיד: קבלת חולים המופנים ממחלקות בית החולים כולל רפואה דחופה (מיונים), מרפאות ומכונים טיפול בפניות והזמנות לבדיקות מגורמים פנימיים או חיצוניים: קבלת הזמנות ממוחשבות, זיהוי הבדיקה הנדרשת, פנייה לרופא מתן מענה טלפוני לפניות של נבדקים, רופאים וצוותים רפואיים בבית החולים או מחוץ לו קביעת תורים לבדיקות אמבולטוריות רישום ותיעוד נתוני נבדקים ובדיקות במערכות המחשוב וטיפול במסמכים הנלווים קשרי עבודה טובים עם גורמים מתוך בית החולים ומחוץ לו העבודה כוללת משמרות לילה , סופ""ש חגים- לפי צורך ניתן לעבוד במשרה מלאה או חלקית דרישות התפקיד: תעודת בגרות - חובה תעודת מזכירות רפואית - יתרון ידיעת השפה העברית על בוריה יתרון לידיעת שפות נוספות יחסי עבודה ואנוש תקינים, שירותיות, אחריות ויכולת ניהול זמן עצמאות, יכולת ניהול זמן, יסודיות ושמירה על דיסקרטיות * תינתן עדיפות למועמדים/ות עם מוגבלויות"
פסיכולוג/ית מומחה/ית,מחוז מרכז,רמלה,2025-06-11,https://jobs.clalitapps.co.il/clalit/redmatch-apply/redmatch.apply.html?compPositionID=47063,פסיכולוגיה,,"תיאור התפקיד: למרפאה חדשה לבריאות הנפש המתמחה בתחום ההתמכרויות דרוש/ה פסיכולוג/ית פסיכולוג/ית בעל/ת מוטיבציה ורצון להתמקצע בתחום ההתמכרויות? בוא/י להיות חלק מצוות רב מקצועי, סביבת עבודה מקצועית, מגוונת ותומכת הכוללת למידה מתמשכת, הכשרות והדרכות דרישות התפקיד: תואר שני בפסיכולוגיה קלינית/ שיקומית/ חינוכית ניסיון בעבודה עם מטופלים המתמודדים עם התמכרות ומצבי משבר- יתרון משמעותי יכולת עבודה בצוות רב מקצועי *תינתן עדיפות למועמדים/ות עם מוגבלויות"
רופא/ה מתמחה לרפואת משפחה,מחוז דרום,"אשקלון, קרית גת, באר שבע, ערד, דימונה, מצפה רמון ועוד",2025-06-05,https://jobs.clalitapps.co.il/clalit/redmatch-apply/redmatch.apply.html?compPositionID=47506,רפואה,,"תיאור התפקיד: מסלול התמחות בן 4 שנים. הכולל את השלבים הבאים: 15 חודשים במחלקה לרפואת המשפחה - מרפאת שלב א' בליווי מדריך 9 חודשים במחלקה פנימית חודשיים במחלקה לרפואה דחופה 5 חודשים ברפואת ילדים : חודשיים במחלקת ילדים, חודשיים במחלקה לרפואה דחופה ילדים, חודש במרפאת ילדים בבי""ח או מרפאת ילדים בקהילה או אשפוז יום ילדים חודשיים במרפאה פסיכיאטרית אמבולטורית בקהילה או בבית החולים חודשיים רוטציות לבחירה ממגוון מקצועות חודש במחלקה לרפואת המשפחה 12 חודשים במחלקה לרפואת המשפחה - מרפאה שלב ב' קורס אוניברסיטאי ברפואת המשפחה דרישות התפקיד: השכלה אקדמית - תואר MD רישיון ממשלתי בתוקף ורישוי לעסוק במקצוע הרפואה במדינת ישראל *ניתן להגיש מועמדות במהלך הסטאז' ולפני קבלת הרישיון"
רופא/ה מתמחה לרפואת משפחה,מחוז תל אביב יפו,"ת""א, יפו, חולון, בת ים",2025-06-05,https://jobs.clalitapps.co.il/clalit/redmatch-apply/redmatch.apply.html?compPositionID=47713,רפואה,,"תיאור התפקיד : מסלול התמחות בן 4 שנים. הכולל את השלבים הבאים : 15 חודשים במחלקה לרפואת המשפחה - מרפאת שלב א' בליווי מדריך 9 חודשים במחלקה פנימית חודשיים במחלקה לרפואה דחופה 5 חודשים ברפואת ילדים : חודשיים במחלקת ילדים, חודשיים במחלקה לרפואה דחופה ילדים, חודש במרפאת ילדים בבי""ח או מרפאת ילדים בקהילה או אשפוז יום ילדים חודשיים במרפאה פסיכיאטרית אמבולטורית בקהילה או בבית החולים חודשיים רוטציות לבחירה ממגוון מקצועות חודש במחלקה לרפואת המשפחה 12 חודשים במחלקה לרפואת המשפחה - מרפאה שלב ב ' קורס אוניברסיטאי ברפואת המשפחה דרישות התפקיד : השכלה אקדמית - תואר MD רישיון ממשלתי בתוקף ורישוי לעסוק במקצוע הרפואה במדינת ישראל * ניתן להגיש מועמדות במהלך הסטאז' ולפני קבלת הרישיון"
רופא/ה מתמחה לרפואת משפחה - family medicine specialist,מחוז צפון,"עפולה, נצרת, בית שאן",2025-06-05,https://jobs.clalitapps.co.il/clalit/redmatch-apply/redmatch.apply.html?compPositionID=47711,רפואה,,"תיאור התפקיד : מסלול התמחות בן 4 שנים. הכולל את השלבים הבאים : 15 חודשים במחלקה לרפואת המשפחה - מרפאת שלב א' בליווי מדריך 9 חודשים במחלקה פנימית חודשיים במחלקה לרפואה דחופה 5 חודשים ברפואת ילדים : חודשיים במחלקת ילדים, חודשיים במחלקה לרפואה דחופה ילדים, חודש במרפאת ילדים בבי""ח או מרפאת ילדים בקהילה או אשפוז יום ילדים חודשיים במרפאה פסיכיאטרית אמבולטורית בקהילה או בבית החולים חודשיים רוטציות לבחירה ממגוון מקצועות חודש במחלקה לרפואת המשפחה 12 חודשים במחלקה לרפואת המשפחה - מרפאה שלב ב ' קורס אוניברסיטאי ברפואת המשפחה דרישות התפקיד : השכלה אקדמית - תואר MD רישיון ממשלתי בתוקף ורישוי לעסוק במקצוע הרפואה במדינת ישראל * ניתן להגיש מועמדות במהלך הסטאז' ולפני קבלת הרישיון"
רופא/ה מתמחה לרפואת משפחה,מחוז שרון שומרון,"זיכרון יעקב, בנימינה, חדרה, נתניה, ואדי ערה, כוכב יאיר, טייבה, טירה, כפר סבא, רעננה, הרצליה, רמת השר",2025-06-05,https://jobs.clalitapps.co.il/clalit/redmatch-apply/redmatch.apply.html?compPositionID=47710,רפואה,,"תיאור התפקיד : מסלול התמחות בן 4 שנים. הכולל את השלבים הבאים: 15חודשים במחלקה לרפואת המשפחה - מרפאת שלב א' בליווי מדריך 9חודשים במחלקה פנימית חודשיים במחלקה לרפואה דחופה 5חודשים ברפואת ילדים : חודשיים במחלקת ילדים, חודשיים במחלקה לרפואה דחופה ילדים, חודש במרפאת ילדים בבי""ח או מרפאת ילדים בקהילה או אשפוז יום ילדים חודשיים במרפאה פסיכיאטרית אמבולטורית בקהילה או בבית החולים חודשיים רוטציות לבחירה ממגוון מקצועות חודש במחלקה לרפואת המשפחה 12 חודשים במחלקה לרפואת המשפחה - מרפאה שלב ב' קורס אוניברסיטאי ברפואת המשפחה דרישות התפקיד : השכלה אקדמית - תואר MD רישיון ממשלתי בתוקף ורישוי לעסוק במקצוע הרפואה במדינת ישראל *ניתן להגיש מועמדות במהלך הסטאז' ולפני קבלת הרישיון"
אח/ות למערך בריאות נפש,מחוז דרום,באר שבע,2025-05-28,https://jobs.clalitapps.co.il/clalit/redmatch-apply/redmatch.apply.html?compPositionID=47682,אחים ואחיות,,"מחפש/ת עבודה עם שליחות ואתגר? למרפאת בריאות הנפש ובבאר שבע דרוש/ה אח/ות מוזמנים להיות שותפים בצמיחה המחודשת של הדרום להירתם למאמץ במתן טיפול מקצועי ואכפתי לתושבי הדרום תיאור התפקיד : טיפול הוליסטי במטופלים עם צוות רב מקצועי במרפאה תכלול המענה מול המטופלים, הקפדה על רצף טיפולי אינטגרטיבי בין גורמים מקצועיים במרפאה ומחוץ למרפאה קשר ובניית תהליכים עם מרכזי החוסן בעיר קשר ובניית תהליכים עם הרשות המקומית התעדכנות בידע, מיומנות וחידושים טכנולוגיים, והעשרה מקצועית, באמצעות ספרות מקצועית, ימי עיון, השתלמויות, כנסים, מחקרים ועוד. מבססת את הטיפול על ידע עדכני וחידושים טכנולוגיים דרישות התפקיד: תואר ראשון בסיעוד רישוי עבודה כאח/ות מוסמך/ת (תעודת רישום) רצוי על בסיסי בבריאות הנפש רצוי ניסיון קודם בתחום בריאות הנפש מוטיבציה גבוהה ידיעת השפה העברית, ידיעת אנגלית (כדי קריאת ספרות מקצועית) יחסי אנוש תקינים יכולות הדרכה, עמידה בלחצים יכולת עבודה בצוות ושיתוף פעולה בצוות *תינתן עדיפות למועמדים/ות עם מוגבלויות"
עובד/ת סוציאלי/ת למרפאות בריאות הילד במחוז דרום,מחוז דרום,"קריית גת, אופקים, דימונה",2025-05-28,https://jobs.clalitapps.co.il/clalit/redmatch-apply/redmatch.apply.html?compPositionID=47679,עבודה סוציאלית,,"רוצה תפקיד עם משמעות ונתינה? זה הזמן להצטרף אלינו! דרוש/ה עו""ס למרכזי בריאות הילד במחוז היקף המשרה: 50%-100% תיאור התפקיד: מתן טיפול רגשי פרטני, משפחתי או קבוצתי לילדים ובני נוער והוריהם, הזקוקים לסיוע בתחום האישי, החברתי, הכלכלי והנפשי כתוצאה ממחלה . קשר עם גורמים קהילתיים לצורך סיוע והנגשת זכויות למטופל דרישות התפקיד: תואר ראשון בעבודה סוציאלית ורישיון עיסוק בעבודה סוציאלית תואר שני - יתרון ניסיון קודם בעבודה טיפולית עם ילדים ו/או משפחות - יתרון שליטה מלאה בשפה העברית שליטה בשפה האנגלית כדי קריאת ספרות מקצועית יכולת עבודה בצוות ההעסקה בהתאם להסכם השכר הקיבוצי הדרכה והתפתחות מקצועית מובטחת *תינתן עדיפות למועמדים/ות עם מוגבלויות"
עובד/ת סוציאלי/ת למערך התפתחות הילד במחוז דרום,מחוז דרום,אופקים ונתיבות,2025-05-28,https://jobs.clalitapps.co.il/clalit/redmatch-apply/redmatch.apply.html?compPositionID=47678,עבודה סוציאלית,,"רוצה תפקיד עם משמעות ונתינה? זה הזמן להצטרף אלינו! דרוש/ה עו""ס עובד/ת סוציאלי/ת למערך התפתחות הילד המשרה מאפשרת הזדמנות להשתלב בעשייה טיפולית ומערכתית משמעותית בתחום התפתחות הילד, בצוות רב-מקצועי תומך ומנוסה. היקף המשרה: 50%-100% תיאור התפקיד: ביצוע הערכות פסיכוסוציאליות, מיצוי זכויות, טיפול בהורים וילדים בגיל הרך באופן פרטני/דיאדי/משפחתי וקבוצתי עבודה מערכתית שותפות בצוות רב-מקצועי תינתן הדרכה מקצועית שבועית והשתתפות בהשתלמויות דרישות התפקיד: תואר ראשון ורישום בפנקס - חובה תואר שני או ניסיון של חמש שנים לפחות - חובה ניסיון טיפולי בגיל הרך ובעבודה עם הורים וילדים - יתרון הכשרה בפסיכותרפיה/ טיפול משפחתי- יתרון עבודה יום בשבוע בשעות אחר הצהריים יכולת גבוהה לעבודה בצוות, תקשורת בין-אישית טובה ומחויבות מקצועית *תינתן עדיפות למועמדים/ות עם מוגבלויות"
עובד/ת סוציאלי/ת למכון שיקום בדימונה,מחוז דרום,דימונה,2025-05-27,https://jobs.clalitapps.co.il/clalit/redmatch-apply/redmatch.apply.html?compPositionID=47677,עבודה סוציאלית,,"רוצה תפקיד עם משמעות ונתינה? זה הזמן להצטרף אלינו! דרוש/ה עו""ס למכון שיקום יום בדימונה היקף המשרה 50%-100% תיאור התפקיד: מתן טיפול רגשי פרטני, משפחתי או קבוצתי למטופלים ו/או משפחותיהם, הזקוקים לסיוע בתחום האישי, החברתי, הכלכלי והנפשי כתוצאה ממחלה קשר עם גורמים קהילתיים לצורך סיוע והנגשת זכויות למטופל דרישות התפקיד: תואר ראשון בעבודה סוציאלית ורישיון עיסוק בעבודה סוציאלית תואר שני - יתרון ניסיון קודם בעבודה סוציאלית בתחום הבריאות - יתרון שליטה מלאה בשפה העברית שליטה בשפה האנגלית כדי קריאת ספרות מקצועית יכולת עבודה בצוות ההעסקה בהתאם להסכם השכר הקיבוצי הדרכה והתפתחות מקצועית מובטחת *תינתן עדיפות למועמדים/ות עם מוגבלויות"
פקיד/ת מרפאה בבית שמש,מחוז ירושלים,בית שמש,2025-05-25,https://jobs.clalitapps.co.il/clalit/redmatch-apply/redmatch.apply.html?compPositionID=47255,מנהל ומטה,,"תיאור התפקיד : מתן שירות פרונטלי וטלפוני ללקוחות המרפאה בנושאים אדמיניסטרטיביים קביעת תורים לרפואה ראשונית ויועצת, והכוונת הלקוחות לשירותים הרפואיים המתאימים מתן מידע על זכויות המגיעות ללקוחות בהתאם לסל השירותים טיפול בנושאי גבייה והחזרים כספיים ללקוחות המרפאה מתן שירות אדמיניסטרטיבי לגורמים במרפאה: רופאים, אחיות, רוקחים, ובעלי מקצוע נוספים היקף משרה חלקי (20-30 ש""ש, כלומר 50-75% משרה). מועמדים מתאימים יעברו תהליך מיון הכולל ראיונות, מבחני מחשב ומרכז הערכה דרישות התפקיד: תעודת בגרות מלאה - חובה ניסיון בתפקידי שירות ומכירה - יתרון תודעת שירות גבוהה יחסי אנוש טובים, שיתוף פעולה בצוות יכולת עבודה בסביבה ממוחשבת ובתנאי לחץ ועומס *תינתן עדיפות למועמדים/ות עם מוגבלויות"
פסיכיאטרית adult psychiatrist,מרכז לבריאות הנפש גהה,פתח תקווה,2025-05-22,https://jobs.clalitapps.co.il/clalit/redmatch-apply/redmatch.apply.html?compPositionID=47653,רפואה,,"דרושה פסיכיאטרית לאלומה- טיפול יום לנפגעות טראומה מינית במרכז לבריאות הנפש גהה היקף המשרה: 40% (יומיים בשבוע) עם אפשרות להגדלת משרה תיאור התפקיד: מעקב פסיכיאטרי יומיים בשבוע אפשרות להנחיית קבוצה עבודה בצוות רב מקצועי השתתפות בישיבות צוות, הדרכות והכשרות דרישות התפקיד: ידע ונסיון בטיפול ב CPTSD השתתפות בישיבות והדרכות *תינתן עדיפות למועמדות עם מוגבלויות"
אח/ות,מחוז ירושלים,"בית""ר עלית (גוש עציון, ליד ירושלים)",2025-05-19,https://jobs.clalitapps.co.il/clalit/redmatch-apply/redmatch.apply.html?compPositionID=47633,אחים ואחיות,,"למרפאות בבית""ר עלית דרושים/ות אחים/ות: אח/ות למרכז לבריאות האישה החדש שייפתח באפריל אח/ות למרפאה ראשונית במשרה חלקית, החל מאפריל תיאור התפקיד: קבלת מטופלים למרפאה ותכנון הטיפול הסיעודי ריכוז הטיפול הסיעודי במטופלים, תוך שיתוף גורמים מקצועיים רלוונטיים, לרבות הדרכה והנחייה של מטופלים ובני משפחותיהם מתן טיפול סיעודי לפונים למרפאה, בהתאם לצרכים, לתקנים מקצועיים ולהנחיות רפואיות סיוע לרופאים ויישום הוראות רפואיות תיעוד ודיווח בכתב ובעל פה על המטופלים והטיפול בהם התעדכנות בידע, מיומנות וחידושים טכנולוגיים, והעשרה מקצועית, באמצעות ספרות מקצועית, ימי עיון, השתלמויות, כנסים, מחקרים ועוד דרישות התפקיד: השכלה בסיעוד - בוגרי/ות בי""ס לסיעוד רצוי - תואר ראשון מוכר בסיעוד: תואר ראשון בסיעוד או בניהול מערכות בריאות רישוי עבודה כאח/ות מוסמך/ת (תעודת רישום) ידע מקצועי עדכני בתחום הפעילות ידיעת השפה העברית, ידיעת אנגלית (כדי קריאת ספרות מקצועית) יכולות הדרכה, עמידה בלחצים יכולת עבודה בצוות ושיתוף פעולה בצוות יכולת תפעול המכשור הקיים במרפאה *תינתן עדיפות למועמדים/ות עם מוגבלויות"
טבח/ית- בית חולים,מרכז רפואי מאיר,מרכז רפואי מאיר- כפר סבא,2025-05-15,https://jobs.clalitapps.co.il/clalit/redmatch-apply/redmatch.apply.html?compPositionID=47624,אחזקה ולוגיסטיקה,,"תיאור התפקיד: ביצוע עבודות בישול במטבח בית החולים הכנת התפריט בהתאם למתכונים נתונים במסגרת צוות בישול ובתאום עם הטבח הבכיר ביצוע העבודה תוך הקפדה על איכות הבישול, כללי הניקיון, תברואה, היגיינה, בטיחות וכשרות, בכל שלביה מילוי תפקידים נוספים בתחום המקצועי, לפי הוראות הממונה דרישות התפקיד: 10 שנות לימוד לפחות בוגר/ת בי""ס מוסמך לטבחים ו/או קורסים מקבילים מוכרים יחסי עבודה ואנוש תקינים ידיעת השפה העברית ניסיון בבישול מוסדי/מקייטרינג/ מלונאות *תינתן עדיפות למועמדים/ות עם מוגבלויות"
עובד/ת מטבח וחדר אוכל,מרכז רפואי מאיר,שרון,2025-05-14,https://jobs.clalitapps.co.il/clalit/redmatch-apply/redmatch.apply.html?compPositionID=47623,מנהל ומטה,,"תיאור התפקיד : ביצוע עבודות עזר במטבח ביה""ח סיוע בעבודות שאינן מקצועיות במטבח, במרכז החלוקה ובחדר האוכל עבודות הכנה לעיבוד מזון ובישולו כגון: רחיצת ירקות וקילופם, חתוך מזון לפי סוגיו יתכן סיוע לצוות הבישול במטלות בישול, בהתאם לצורך סיוע בחלוקת מזון במערכת החלוקה ובחדר האוכל עבודות ניקיון של כלי בישול, כלי הגשה וסביבה הבישול במטבח, במרכז החלוקה, חדר האוכל וחדרי השטיפה סיוע בחלוקת המצרכים במחסן המזון וחדרי קירור, וביצוע עבודות סדר וניקיון בהם ביצוע העבודה תוך הקפדה על כללי הניקיון, תברואה, היגיינה, בטיחות וכשרות תפקידים נוספים, ע""פ הוראות הממונה דרישות התפקיד: השכלה יסודית ידיעת השפה העברית יחסי אנוש תקינים *תינתן עדיפות למועמדים/ות עם מוגבלויות"
עובד/ת סוציאלי/ת,בית חולים הרצפלד – מרכז רפואי גריאטרי שיקומי,גדרה,2025-05-12,https://jobs.clalitapps.co.il/clalit/redmatch-apply/redmatch.apply.html?compPositionID=47616,עבודה סוציאלית,,"אנו גדלים ומחפשים אותך להצטרף לצוות צעיר ודינמי תיאור התפקיד: מתן טיפול סוציאלי פרטני, משפחתי או קבוצתי למטופלים ו/או משפחותיהם, הזקוקים לסיוע בתחום האישי, החברתי, הכלכלי והנפשי כתוצאה ממחלה יוזמה או קבלת הפניות ממקורות שונים כגון צוות רפואי, מוסדות רפואיים, קהילה ואחרים, לגבי הנזקקים לטיפול בנושאים הקשורים בחולי ובריאות קשר עם גורמים קהילתיים לצורך סיוע והנגשת זכויות למטופל הוצאה לפועל של תוכנית הטיפול שהותוותה, תוך תיאום עם הגורמים הרלוונטים וקשר שוטף עם הצוות הרב מקצועי במחלקה, ביחידה ובבית החולים/קהילה מעקב אחר ביצוע תכנית הטיפול אפשרות להשתתפות בין-מקצועית בייזום ובעריכת מחקרים בתחום הביו-פסיכו-סוציאלי דרישות התפקיד : תואר ראשון בעבודה סוציאלית. תואר שני - יתרון רישיון עיסוק בעבודה סוציאלית תעודת מומחיות בתחום הבריאות או בריאות הנפש - יתרון ניסיון קודם בעבודה סוציאלית במערכת הבריאות - יתרון שליטה מלאה בשפה העברית שליטה בשפה האנגלית כדי קריאת ספרות מקצועית יכולת עבודה בצוות *תינתן עדיפות למועמדים/ות עם מוגבלויות"
רוקח/ת אחראי/ת,מחוז ירושלים,בית שמש,2025-05-11,https://jobs.clalitapps.co.il/clalit/redmatch-apply/redmatch.apply.html?compPositionID=47311,רוקחות,,"רוקח/ת אחראי/ת - קהילה בית שמש תיאור התפקיד: ניהול צוות עובדי בית המרקחת כולל ישיבות צוות וניהול משמרות אחריות על מלאים, בקרה על תהליכים שונים בתוך ביה""מ ניפוק תרופות על פי מרשמים הניתנים על ידי הרופאים גביית תשלום עבור התרופות בהתאם לנהלים ביצוע ייעוץ רוקחי בדלפק - שימוש בתרופות ללקוחות ביצוע הדרכה רוקחית בפגישה פרטנית עם הלקוח ייעוץ ללקוחות בבחירת תרופות O.T.C והדרכתם לגבי השימוש בהן סיוע בארגון הלוגיסטי של בית המרקחת, אחסון וסידור התרופות על פי הכללים, סידור מדפים חיצוניים, תמחור ומענה טלפוני היכרות ועמידה בדרישות משרד הבריאות בהתנהלות בבית המרקחת השתתפות בפרויקטים מרפאתיים ביצוע מטלות נוספות בהתאם להנחיות הממונה דרישות התפקיד: השכלה אקדמית (תואר ראשון) ברוקחות רישיון עיסוק ברוקחות (משרד הבריאות) ידע מקצועי נרחב יכולת להשתמש בספרות מקצועית כדי למידה ומתן ייעוץ ידיעת השפה העברית על בורייה ידיעת השפה האנגלית כדי קריאת ספרות מקצועית יכולת עבודה בצוות יחסי אנוש טובים תודעת שירות *תינתן עדיפות למועמדים/ות עם מוגבלויות"
אנשי/ות מקצוע מתחום החשמל/מיזוג אוויר,מרכז רפואי העמק,עפולה,2025-05-08,https://jobs.clalitapps.co.il/clalit/redmatch-apply/redmatch.apply.html?compPositionID=47588,אחזקה ולוגיסטיקה,,למחלקת אחזקה דרושים/ות אנשי/ות מקצוע מתחום החשמל/מיזוג אוויר דרישות התפקיד : בגרות מלאה טכנאי/ת מנוסה/הנדסאי/ת בתחום הרלוונטי ניסיון במבני ציבור - יתרון שליטה מלאה בעברית כולל כתיבה והגשת דיווח טכני יחסי אנוש תקינים ויכולת עבודה בצוות ידיעת השפה האנגלית לקריאת חומר טכני שליטה בתוכנות OFFICE * תינתן עדיפות למועמדים/ות עם מוגבלויות
פקיד/ת מרפאה,מחוז שרון שומרון,נתניה,2025-05-07,https://jobs.clalitapps.co.il/clalit/redmatch-apply/redmatch.apply.html?compPositionID=47582,מנהל ומטה,,"הצטרפו לארגון הבריאות המוביל בישראל למרפאה בנתניה דרוש/ה פקיד/ת מרפאה בחצי משרה 4 ימים בשבוע 8:00-12:00/13:00 יום אחד בשבוע 16:00-19:00 ימי ו' לסירוגין 8:00-12:00 תיאור התפקיד: מתן שירות פרונטלי וטלפוני ללקוחות המרפאה בנושאים אדמיניסטרטיביים קביעת תורים לרפואה ראשונית ויועצת והכוונת הלקוחות לשירותים הרפואיים המתאימים מתן מידע על זכויות המגיעות ללקוחות, בהתאם לסל השירותים טיפול בנושאי גבייה והחזרים כספיים ללקוחות המרפאה טיפול בקליטת לקוחות חדשים במרפאה מתן שירות אדמיניסטרטיבי לגורמים בתוך המרפאה: רופאים, אחיות, רוקחים, ובעלי מקצוע נוספים שותפות בהשגה ובמימוש יעדי המרפאה בתחומי השירות, האיכות הרפואית, גיוס לקוחות, שיווק שירותים ועוד דרישות התפקיד: תעודת בגרות מלאה - חובה ניסיון בתפקידי שירות ומכירה - יתרון תודעת שירות גבוהה יחסי אנוש טובים, שיתוף פעולה בצוות יכולת עבודה בסביבה ממוחשבת יכולת עבודה בתנאי לחץ ועומס שליטה בשפה העברית, שליטה בשפה נוספת - יתרון כושר הבעה גבוה בכתב ובע""פ *תינתן עדיפות למועמדים/ות עם מוגבלויות"
פקיד/ת מרפאה,מחוז שרון שומרון,כפר יונה,2025-05-05,https://jobs.clalitapps.co.il/clalit/redmatch-apply/redmatch.apply.html?compPositionID=47579,מנהל ומטה,,"הצטרפו לארגון הבריאות המוביל בישראל למרפאה בכפר יונה דרוש/ה פקיד/ת מרפאה בחצי משרה 4 ימים בשבוע 8:00-12:00/13:00 יום אחד בשבוע 16:00-19:00 ימי ו' לסירוגין בין השעות 8:00-12:00 תיאור התפקיד: מתן שירות פרונטלי וטלפוני ללקוחות המרפאה בנושאים אדמיניסטרטיביים קביעת תורים לרפואה ראשונית ויועצת, והכוונת הלקוחות לשירותים הרפואיים המתאימים מתן מידע על זכויות המגיעות ללקוחות, בהתאם לסל השירותים טיפול בנושאי גבייה והחזרים כספיים ללקוחות המרפאה טיפול בקליטת לקוחות חדשים במרפאה מתן שירות אדמיניסטרטיבי לגורמים בתוך המרפאה: רופאים, אחיות, רוקחים, ובעלי מקצוע נוספים שותפות בהשגה ובמימוש יעדי המרפאה בתחומי השירות, האיכות הרפואית, גיוס לקוחות, שיווק שירותים ועוד דרישות התפקיד: תעודת בגרות מלאה - חובה ניסיון בתפקידי שירות ומכירה - יתרון תודעת שירות גבוהה יחסי אנוש טובים, שיתוף פעולה בצוות יכולת עבודה בסביבה ממוחשבת יכולת עבודה בתנאי לחץ ועומס שליטה בשפה העברית, שליטה בשפה נוספת - יתרון כושר הבעה גבוה בכתב ובע""פ *תינתן עדיפות למועמדים/ות עם מוגבלויות"
אח/ות מרכז/ת תחום סוכרת,מחוז דן פתח תקווה,"מחוז דן-פ""ת",2025-04-24,https://jobs.clalitapps.co.il/clalit/redmatch-apply/redmatch.apply.html?compPositionID=46530,אחים ואחיות,,"תיאור התפקיד: אחריות לתכנון, וריכוז הטיפול הכוללני באוכלוסיית חולים, בתחום סוכרת אחריות לטיפול ישיר ומתמשך, במצבי בריאות משתנים ליחידים ו/או קבוצות מטופלים בתחום אחריות לפיתוח ולתפעול של מערך טיפולי בתחום סוכרת אחריות לבקרה, מעקב וניטור אחר הפעילות ועל השגת היעדים הנחיית הסגל המקצועי במתן הטיפול הישיר ייעוץ להנהלת המחוז ושותפות בקידום התחום במחוז סיוע בהבטחת רצף טיפול והבטחת איכות הטיפול הסיעודי בתחום תיאום ושיתוף פעולה עם עמיתים, הנהלות סיעוד, צוותים בקהילה ובית חולים, ועם משאבים בקהילה שותפות לתכנון, כתיבה והפעלת תהליכי עבודה מובנים ואחידים מהווה משאב לצוותים רב מקצועיים, לעדכון ידע, לשינויים טכנולוגיים ולחידושים יוזמה והשתתפות בעריכת סקרים, מחקרים ופרסום דרישות התפקיד: השכלה בסיעוד - בוגר/ת בי""ס לסיעוד השכלה אקדמית (תואר ראשון) מוכר בסיעוד: תואר ראשון בסיעוד או בניהול מערכות בריאות קורס על בסיסי בסוכרת או הכשרה בהיקף דומה בתחום רישוי עבודה כאח/ות מוסמך/ת (תעודת רישום) ניסיון קודם בתחום המקצועי הרלוונטי ניסיון קודם בהובלת תהליך רוחביים ידיעת החוקים והתקנות הרלוונטיים ידיעת השפה העברית שליטה בשפה האנגלית (כדי קריאת ספרות מקצועית) יכולת הדרכה והנחיה יכולת הפעלת צוות כושר תכנון וארגון *תינתן עדיפות למועמדים/ות עם מוגבלויות"
אח/ות כפר,מחוז שרון שומרון,רמת הכובש / ניר אליהו / תל מונד והסביבה,2025-04-21,https://jobs.clalitapps.co.il/clalit/redmatch-apply/redmatch.apply.html?compPositionID=47459,אחים ואחיות,,"למרפאות במינהלת שרון ומינהלת חפר דרוש/ה אח/ות כפר בחצי משרה תיאור התפקיד: אחריות לתכנון וריכוז הטיפול הכוללני באוכלוסיית המטופלים קבלת מטופלים ותכנון הטיפול הסיעודי - אומדן, תכנון, ביצוע והערכה, לרבות הדרכה ואוריינטציה של המטופל ובני משפחתו מיון מטופלים - טריאז' מתן טיפולים שונים כגון חבישות, זריקות, לקיחת דמים ביצוע ביקורי בית מעקב אחר החולים הכרוניים מעקב אחר נשים הרות ניהול מעקב אחר חולים כרוניים יצירת תנאים סביבתיים הולמים להבטחת בטיחות ונוחות המטופל על פי הנחיות מקצועיות קשר עם גורמי פנים וחוץ שונים עבודה בתיאום ושיתוף פעולה עם עמיתים, צוותים בקהילה ובית חולים דרישות התפקיד: השכלה באֲחָיוּת - בוגר/ת בי""ס לאֲחָיוּת השכלה אקדמית (תואר ראשון) מוכר בסיעוד: תואר ראשון בסיעוד או בניהול מערכות בריאות רישיון עיסוק באֲחָיוּת עדיפות לבוגר/ת קורס על בסיסי בבריאות הציבור ניסיון בעבודה במרפאה שנתיים לפחות כושר הבעה בכתב ובע""פ יחסי אנוש טובים ידיעת השפה העברית ושפה לועזית נוספת *תינתן עדיפות למועמדים/ות עם מוגבלויות"
פיזיותרפיסט/ית,מרכז רפואי קפלן,רחובות,2025-04-20,https://jobs.clalitapps.co.il/clalit/redmatch-apply/redmatch.apply.html?compPositionID=47336,פיזיותרפיה,,"מעונינים להשתלב בעבודה בצוות מקצועי ומגובש ולקחת חלק באתגר שלנו להוביל את המחר בשירות הציבורי בבית חולים, הצטרפו אלינו עבודה מרתקת הממוקדת בטיפול בחולה האקוטי בבית החולים לצד צוות מקצועי מנוסה ומיומן של פיזיותרפיסטים בעלי תחומי התמקצעות רבים ומגוונים. תכנית חניכה מובטחת. תיאור התפקיד: ביצוע טיפולי פיזיותרפיה לפי הנחיות כלליות הניתנות ע""י הפיזיותרפיסט האחראי הישיר ובהתאם לאבחנה הנקבעת ע""י הרופא ביצוע בדיקות פיזיקליות אבחנתיות שונות קביעת תוכניות טיפול, ביצוע טיפול ושינויים בהתאם לצורך ביצוע טיפולים אישיים או בקבוצות בהתאם לצרכים הפיזיקליים של החולים לימוד החולה והדרכתו בתרגול עצמי של התרגילים הנדרשים ניהול רישום מפורט אחר התקדמותו של החולה ודיווח על כך לפיזיותרפיסטית האחראית השתתפות בישיבות הצוות ובדיונים הקשורים למטופלים התאמה והזמנת אביזרי עזר לחולים כולל כסאות גלגלים, להתאים ולהכין סדינים למטופל בהתאם לסוג הפציעה הדרכת החולה, משפחתו וגורמים בקהילה להמשך הטיפול בבית והמלצה על התאמת תנאי דיור הדרכת צוות המחלקה בהליכי הטיפול בחולה בתחום הפיזיותרפיה כולל שימוש נכון בגופם בעת הטיפול בדיקת תקינות הציוד הפיזיותרפי ודיווח לממונה על תקלות בו השתתפות בהדרכת סטודנטים מהחוגים לפיזיותרפיה בהתאם לצורך השתתפות בעריכת מחקרים בסיסיים בהתאם להנחיות הממונה ביצוע תפקידים נוספים בתחום המקצועי בהתאם להוראות הממונה דרישות התפקיד: השכלה אקדמית (תואר ראשון) בפיזיותרפיה תעודה במקצוע בריאות (משרד הבריאות) ידיעת השפה העברית ידיעת השפה האנגלית כדי קריאה וכתיבת ספרות מקצועית המקובלת בארץ יחסי אנוש תקינים קיימת אפשרות לשילוב עבודה במחלקות האשפוז ובמכון האמבולטורי, טיפולים פרטניים וקבוצתיים, מבוגרים וילדים, התפתחות הילד. אפשרות להשתלמויות, פיתוח/מחקר וקידום מקצועי אפשרות לעבודה במשרה מלאה, או חלקית (מינימום 25 ש""ש) אפשרות להתחלת עבודה עם אישור זכאות לתואר לפני בחינת רישוי ממשלתית *תינתן עדיפות למועמדים/ות עם מוגבלויות"
דיאטנ/ית - דובר/ת ערבית,מחוז ירושלים,ירושלים והסביבה,2025-04-10,https://jobs.clalitapps.co.il/clalit/redmatch-apply/redmatch.apply.html?compPositionID=47260,תזונה ודיאטה,,"תיאור התפקיד: טיפול בחולים בנושאי תזונה ודיאטה, בהתאמה אישית בהיבטים קליניים, תרבותיים, חברתיים וכלכליים - גם מבוגרים וגם ילדים ותינוקות בירושלים ובמטה בנימין טיפול במסגרת ביקורי בית אצל חולים כחלק מהיחידה להמשך טיפול ומעקב ריענון ועדכון ידע תזונתי לצוותים הרפואיים השונים הפועלים במחוז שותפות פעילה בדיונים על מטופלים בנושאי דיאטה כחלק מצוות רב מקצועי (צוותים מרפאתיים ובין מרפאתיים) העברת הרצאות וסדנאות בקבוצות אוכלוסייה שונות, במגוון נושאים ובדגש על גיוון מזון והרגלי אכילה בריאים שותפות בעריכת מחקרים וסקרים בקרב האוכלוסיה בקהילה התעדכנות שוטפת בידע מקצועי עדכני, באופן עצמאי ובאמצעות מערך התזונה והדיאטה בכללית דרישות התפקיד: תואר ראשון במדעי התזונה, ממוסד המוכר ע""י המועצה להשכלה גבוהה רישוי משרד הבריאות לעיסוק דיאטן/ית או תזונאי/ת (נדרשים סטאז' ובחינה) קורס הנחיית קבוצות שנת ניסיון יתרון לבעלי תואר נוסף בתחום מדעי התזונה, מדעי ההתנהגות או בריאות הציבור יתרון לבעלי הכשרה בתחומים: הנחיית קבוצות, CBT כישורים בינאישיים טובים מאוד שליטה מלאה בערבית ברמת שפת אם, ידיעת השפה העברית ברמה טובה כושר הבעה גבוה בכתב ובע""פ שליטה בתוכנות Office *תינתן עדיפות למועמדים/ות עם מוגבלויות"
עובד/ת סוציאלי/ת למרפאות הקהילה ולמערך בריאות הנפש במחוז דרום,מחוז דרום,"אופקים, נתיבות, רהט, דימונה, ב""ש וקרית גת",2025-03-31,https://jobs.clalitapps.co.il/clalit/redmatch-apply/redmatch.apply.html?compPositionID=46972,עבודה סוציאלית,,"למרפאות הקהילה ומערך בריאות הנפש במחוז דרושים/ות עובדים/ות סוציאלים/יות היקף המשרה: 50%-100% תיאור התפקיד: מתן טיפול רגשי פרטני, משפחתי או קבוצתי למטופלים ו/או משפחותיהם, הזקוקים לסיוע בתחום האישי, החברתי, הכלכלי והנפשי כתוצאה ממחלה . קשר עם גורמים קהילתיים לצורך סיוע והנגשת זכויות למטופל דרישות התפקיד: תואר ראשון בעבודה סוציאלית ורישיון עיסוק בעבודה סוציאלית תואר שני - יתרון ניסיון קודם בעבודה סוציאלית במערכת הבריאות - יתרון שליטה מלאה בשפה העברית שליטה בשפה האנגלית כדי קריאת ספרות מקצועית יכולת עבודה בצוות ההעסקה בהתאם להסכם השכר הקיבוצי הדרכה והתפתחות מקצועית מובטחת *תינתן עדיפות למועמדים/ות עם מוגבלויות"
עובד/ת מעבדה אנדוקרינולוגיה,מעבדה מרכזית,"מעבדה המרכזית רמת החייל ת""א",2025-03-30,https://jobs.clalitapps.co.il/clalit/redmatch-apply/redmatch.apply.html?compPositionID=47461,מעבדות רפואיות,,"תיאור התפקיד: קליטת דגימות מהגורמים המפנים וביצוע הבדיקות הנדרשות הפעלת מערכות אבטחת איכות מתקדמות כחלק משגרת העבודה עיבוד נתוני הבדיקות והפצת תוצאותיהן לצוותים הרפואיים. דרישות התפקיד: תואר ראשון - מדעי המעבדה הרפואית, ביוכימיה, ביוטכנולוגיה, גנטיקה, הנדסת ביוטכנולוגיה, חקלאות, כימיה, מדעי החיים, מדעי הרפואה, רוקחות, רפואה, רפואה וטרינרית, תזונה תעודת הכרה במעמד עובד מעבדה רפואית אקדמאי (רישיון עיסוק) מטעם משרד הבריאות ידיעת השפה העברית על בוריה ידיעת השפה האנגלית כדי קריאת ספרות מקצועית כושר ביטוי בכתב ובעל-פה יחסי אנוש טובים ויכולת עבודה בצוות *תינתן עדיפות למועמדים/ות עם מוגבלויות"
פקיד/ת מרפאה,מחוז ירושלים,גוש עציון,2025-03-27,https://jobs.clalitapps.co.il/clalit/redmatch-apply/redmatch.apply.html?compPositionID=47381,מנהל ומטה,,"פקיד/ת מרפאה בגוש עציון (איזור ירושלים) - משרה זמנית עם אופציה תיאור התפקיד: מתן שירות פרונטלי וטלפוני ללקוחות המרפאה בנושאים אדמיניסטרטיביים קביעת תורים לרפואה ראשונית ויועצת, והכוונת הלקוחות לשירותים הרפואיים המתאימים מתן מידע על זכויות המגיעות ללקוחות בהתאם לסל השירותים טיפול בנושאי גבייה והחזרים כספיים ללקוחות המרפאה מתן שירות אדמיניסטרטיבי לגורמים במרפאה: רופאים, אחיות, רוקחים, ובעלי מקצוע נוספים היקף משרה חלקי (20-30 ש""ש, כלומר 50-75% משרה), ומדובר במזרה זמנית עם אופציה להמשך העסקה באחת ממרפאות הכללית על פי הצורך מועמדים מתאימים יעברו תהליך מיון הכולל ראיונות, מבחני מחשב ומרכז הערכה דרישות התפקיד: תעודת בגרות מלאה (או מבחני חוץ) - חובה ניסיון בתפקידי שירות ומכירה - יתרון תודעת שירות גבוהה יחסי אנוש טובים, שיתוף פעולה בצוות יכולת עבודה בסביבה ממוחשבת ובתנאי לחץ ועומס *תינתן עדיפות למועמדים/ות עם מוגבלויות"
פסיכולוג/ית מומחה/ית,בית חולים הרצפלד – מרכז רפואי גריאטרי שיקומי,גדרה,2025-03-19,https://jobs.clalitapps.co.il/clalit/redmatch-apply/redmatch.apply.html?compPositionID=47433,פסיכולוגיה,,"דרוש/ה פסיכולוג/ית מומחה/ית שיקומי/ת / רפואי/ת / קליני/ת לחצי משרה תיאור התפקיד: ביצוע ראיונות ואבחונים פסיכולוגיים וקביעת תוכנית טיפולית ביצוע טיפולים פרטניים, קבוצתיים, זוגיים או משפחתיים השתתפות בישיבות צוות רב מקצועי והצגת ההיבט המקצועי בתחומי האבחון והטיפול הפסיכולוגיים קשרים עם גורמים מקצועיים שונים בתוך ומחוץ לארגון (צוות רפואי, מוסדות חינוך, גורמי רווחה) אפשרות ליוזמה ולהשתתפות במחקרים פסיכולוגיים השתתפות בימי עיון, בהשתלמויות מקצועיות ובהדרכת סטודנטים דרישות התפקיד: תואר שני לפחות בפסיכולוגיה רישום כפסיכולוג/ית מומחה/ית בפנקס הפסיכולוגים של משרד הבריאות יחסי אנוש טובים ויכולת עבודה בצוות *תינתן עדיפות למועמדים/ות עם מוגבלויות"
סטאז'ר/ית ברוקחות,מחוז שרון שומרון,נתניה,2025-03-19,https://jobs.clalitapps.co.il/clalit/redmatch-apply/redmatch.apply.html?compPositionID=47412,רוקחות,,"למרפאה בנתניה דרוש/ה סטאז'ר/ית ברוקחות תיאור התפקיד: התמקצעות בעבודת הרוקחות בקהילה/בית החולים עבודה בצוות רב מקצועי דרישות התפקיד: סטודנטים/ות לרוקחות בארץ, לאחר השלמת חובותיהם/ן האקדמיות בוגרי/ות חו""ל שהופנו ע""י משרד הבריאות לביצוע ההתמחות *תינתן עדיפות למועמדים/ות עם מוגבלויות"
מזכיר/ה רפואי/ת,מרכז רפואי קפלן,רחובות,2025-03-17,https://jobs.clalitapps.co.il/clalit/redmatch-apply/redmatch.apply.html?compPositionID=47323,מנהל ומטה,,"למרכז רפואי קפלן דרוש/ה מזכיר/ה רפואי/ת למשרד קבלה ומיון. לעבודה במשמרות כולל סופי שבוע וחגים. בוקר- 7:00-15:00, ערב - 15:00-23:00 ולילה - 23:00-7:00 בימי חול, סופי שבוע וחגים. תיאור התפקיד : טיפול אדמינסטרטיבי בקבלה ובשחרור מטופלים דחופים המגיעים למחלקה לרפואה דחופה. מתן שירות פרונטלי וטלפוני בנושאים אדמיניסטרטיביים למטופלים ולבני משפחותיהם. ממשקי עבודה עם כל יחידות בית החולים לצורך קידום הטיפול במטופל (מחלקות אשפוז, מרפאות חוץ, יחידות דימות, מעבדות, יחידת הסניטרים ועוד). עבודה משרדית שוטפת: הכנת תיקים, תיוק, סריקה, הנפקת מדבקות, טיפול בדואר, הזמנת ציוד. דרישות התפקיד : תעודת בגרות מלאה. תעודת מזכירות רפואית. ניסיון בעבודת מזכירות בתחום הרפואה - יתרון. שליטה מלאה בשפה העברית. ידיעת שפה נוספת - יתרון. שליטה במחשב ובתוכנות Office כושר ארגון, תפעול וקידום תהליכים. יוזמה ותפיסת תפקיד רחבה. תודעת שירות גבוהה. תקשורת בין אישית טובה ויכולת עבודה בצוות. יכולת ביטוי טובה בעל פה ובכתב. *** תינתן עדיפות למועמדים/ות עם מוגבלויות."
עובד/ת טכני/ת לבית מרקחת,מחוז תל אביב יפו,"חולון, בת ים, יפו",2025-03-11,https://jobs.clalitapps.co.il/clalit/redmatch-apply/redmatch.apply.html?compPositionID=46919,אחזקה ולוגיסטיקה,,"דרושים/ות עובדים/ות טכניים/ות בבתי מרקחת בחולון/בת ים/יפ ו תיאור התפקיד : קבלת סחורה וסידורה במדפים ליקוט תרופות לפי מרשם קליטת חשבוניות ניהול מלאי ניהול תאריכי תפוגה של תרופות תיוג מחירים מתן סיוע ועזרה לרוקחים דרישות התפקיד : יכולת ארגון וסדר אחריות וראש גדול יחסי אנוש טובים קריאת וכתיבת אותיות באנגלית משרה מלאה, 40 שעות שבועיות משרה לשנתיים עם אופציה להמשך ולקבלת קביעות * תינתן עדיפות למועמדים/ות עם מוגבלויות"
רוקח/ת לאיזור הבקעה,מחוז ירושלים,איזור הבקעה (על כביש 90),2025-03-04,https://jobs.clalitapps.co.il/clalit/redmatch-apply/redmatch.apply.html?compPositionID=46507,רוקחות,,"רוקח/ת?! רוצה להצטרף לארגון הבריאות הגדול במדינה? אם כן, מקומך איתנו! בית מרקחת אורגני חדש ייפתח במפגש הבקעה על כביש 90 וייתן שירות לאלפי תושבי המועצה - תנאים מעולים! תיאור התפקיד: ניפוק תרופות בבתי מרקחת באזור ירושלים מתן הדרכה רוקחית לגבי תרופות מרשם ו- OTC , תוספי מזון ומוצרים נוספים הנמכרים בבית המרקחת דרישות התפקיד : תואר ראשון (לפחות) ברוקחות עמידה בתנאי לחץ ועומס אחריות רבה ודייקנות הקפדה על נהלים וכללים יחסי אנוש מצויינים סבלנות רבה וגמישות אישית רצוי ניסיון בעבודה בבית מרקחת *תינתן עדיפות למועמדים/ות עם מוגבלויות"
עובד/ת סוציאלי/ת,מחוז מרכז,"רמלה, אשדוד",2025-03-04,https://jobs.clalitapps.co.il/clalit/redmatch-apply/redmatch.apply.html?compPositionID=47377,עבודה סוציאלית,,"למרפאות הכללית ברמלה/אשדוד, דרושים/ות עובדים/ות סוציאלים/ות תיאור התפקיד: מתן טיפול סוציאלי פרטני, משפחתי או קבוצתי למטופלים ו/או משפחותיהם, הזקוקים לסיוע בתחום האישי, החברתי, הכלכלי והנפשי כתוצאה ממחלה ייזום או קבלת הפניות ממקורות שונים כגון צוות רפואי, מוסדות רפואיים, קהילה ואחרים, לגבי הנזקקים לטיפול בנושאים הקשורים בחולי ובריאות קשר עם גורמים קהילתיים לצורך סיוע והנגשת זכויות למטופל הוצאה לפועל של תכנית הטיפול שהותוותה, תוך תיאום עם הגורמים הרלוונטים, וקיום קשר שוטף עם הצוות הרב מקצועי במחלקה, ביחידה ובבית החולים/קהילה מעקב אחר ביצוע תכנית הטיפול אפשרות להשתתפות בין-מקצועית בייזום ובעריכת מחקרים בתחום הביו-פסיכו-סוציאלי דרישות התפקיד : תואר ראשון בעבודה סוציאלית תואר שני - יתרון רישיון עיסוק בעבודה סוציאלית תעודת מומחיות בתחום הבריאות או בריאות הנפש - יתרון ניסיון קודם בעבודה סוציאלית במערכת הבריאות - יתרון שליטה מלאה בשפה העברית שליטה בשפה האנגלית כדי קריאת ספרות מקצועית יכולת עבודה בצוות *תינתן עדיפות למועמדים/ות עם מוגבלויות"
רוקח/ת לנתניה והסביבה,מחוז שרון שומרון,נתניה,2025-03-04,https://jobs.clalitapps.co.il/clalit/redmatch-apply/redmatch.apply.html?compPositionID=47357,רוקחות,,"למרפאות בנתניה והסביבה דרוש/ה רוקח/ת תיאור התפקיד: ניפוק תרופות על פי מרשמים הניתנים על ידי הרופאים גביית תשלום עבור תרופות בהתאם לנהלים ביצוע ייעוץ רוקחי בדלפק לגבי שימוש בתרופות ללקוחות ביצוע הדרכה רוקחית בפגישות פרטניות עם לקוחות ייעוץ ללקוחות בבחירת תרופות O.T.C והדרכתם לגבי שימוש בהן סיוע בארגון לוגיסטי של בית המרקחת, אחסון וסידור תרופות, סידור מדפים חיצוניים, תמחור ומענה טלפוני היכרות ועמידה בדרישות משרד הבריאות בהתנהלות בבית המרקחת תיתכן החלפת הרוקח האחראי במטלות מרפאתיות כגון: ישיבות צוות או פרויקטים מרפאתיים אחרים השתתפות בפרויקטים שהמרפאה מובילה, בהתאם להחלטת הרוקח האחראי ביצוע מטלות נוספות בהתאם להנחיות הממונה דרישות התפקיד: השכלה אקדמית (תואר ראשון) ברוקחות רישיון עיסוק ברוקחות (משרד הבריאות) ידע מקצועי נרחב ידיעת השפה העברית על בורייה ידיעת השפה האנגלית כדי קריאת ספרות מקצועית יכולת עבודה בצוות יחסי אנוש טובים תודעת שירות *תינתן עדיפות למועמדים/ות עם מוגבלויות"
קלינאי/ת תקשורת למכון שמיעה,מחוז דן פתח תקווה,פתח תקווה,2025-02-25,https://jobs.clalitapps.co.il/clalit/redmatch-apply/redmatch.apply.html?compPositionID=46427,קלינאות תקשורת,,"תיאור התפקיד : ביצוע אבחון והערכה לילדים, נוער ומבוגרים בתחום השמיעה ביצוע בדיקות שמיעה לבדיקת סף השמיעה, שימוש בהערכות תפקודיות אובייקטיביות ובדיקות נוירופיזיולוגיות לילדים ומבוגרים שיקום שמיעה - השתלבות בצוות התאמת מכשירי שמיעה לקיחת חלק פעיל בעבודת צוות סקטוריאלית השתתפות בימי עיון והשתלמויות, התעדכנות בחידושים מקצועיים אפשרות להשתתפות בפרויקטים ובמחקרים דרישות התפקיד : תואר ראשון בקלינאות תקשורת רשיון עיסוק במקצוע - תעודת הכרה במעמד של משרד הבריאות עברית ברמת שפת אם שליטה באנגלית כדי קריאת ספרות מקצועית כושר הבעה בכתב ובעל פה יכולת עבודה בסביבה ממוחשבת יחסי אנוש טובים ויכולת עבודה בצוות *תינתן עדיפות למועמדים/ות עם מוגבלויות"
פקיד/ת מרפאה בירושלים,מחוז ירושלים,ירושלים,2025-02-20,https://jobs.clalitapps.co.il/clalit/redmatch-apply/redmatch.apply.html?compPositionID=47317,מנהל ומטה,,"תיאור התפקיד: מתן שירות פרונטלי וטלפוני ללקוחות המרפאה בנושאים אדמיניסטרטיביים קביעת תורים לרפואה ראשונית ויועצת, והכוונת הלקוחות לשירותים הרפואיים המתאימים מתן מידע על זכויות המגיעות ללקוחות בהתאם לסל השירותים טיפול בנושאי גבייה והחזרים כספיים ללקוחות המרפאה מתן שירות אדמיניסטרטיבי לגורמים במרפאה: רופאים, אחיות, רוקחים, ובעלי מקצוע נוספים היקף משרה חלקי (20-30 ש""ש, כלומר 50-75% משרה) מועמדים מתאימים יעברו תהליך מיון הכולל ראיונות, מבחני מחשב ומרכז הערכה דרישות התפקיד: תעודת בגרות מלאה (או מבחני חוץ או תאווג'יהי) - חובה. ניסיון בתפקידי שירות ומכירה - יתרון. תודעת שירות גבוהה. יחסי אנוש טובים, שיתוף פעולה בצוות. יכולת עבודה בסביבה ממוחשבת ובתנאי לחץ ועומס. *תינתן עדיפות למועמדים/ות עם מוגבלויות"
מרפא/ה בעיסוק,מחוז ירושלים,ירושלים והסביבה,2025-02-20,https://jobs.clalitapps.co.il/clalit/redmatch-apply/redmatch.apply.html?compPositionID=47312,ריפוי בעיסוק,,"תיאור התפקיד: אבחון, הערכה וקביעת תוכנית התערבות מקצועית למטופל, ייעוץ והדרכה למטופל ולמשפחתו הכנת המטופל לוועדת סל שיקום מעורבות פעילה בצוותי טיפול רב מקצועיים לצורך קידום תהליך הטיפול ייצוג מקצוע הריפוי בעיסוק וייעוץ לגורמי טיפול נוספים - במסגרת צוות רב מקצועי או במסגרות אחרות בקהילה ובבתי החולים של כללית הכשרה ופיתוח מקצועי ועדכני השתתפות בישיבות צוות ובקבוצות ללמידת עמיתים אפשרות להשתתפות בקבוצות מחקר בריפוי בעיסוק ובמגוון תחומים ברפואה אפשרות להשתתפות בצוותים חוצי ארגון, העוסקים בפיתוח תכניות התערבות חדשניות ניתן לשלב עבודה בתחום בריאות הנפש עם עבודה במכוני ריפוי בעיסוק בקהילה דרישות התפקיד: תואר ראשון (לפחות) בריפוי בעיסוק תעודת מרפא בעיסוק מטעם משרד הבריאות שליטה מלאה בעברית, ושליטה באנגלית כדי קריאת ספרות מקצועית רלוונטית יחסי אנוש טובים, יכולת עבודה בצוות יוזמה ופרו-אקטיביות ללמידה ולעשייה מקצועית היקף משרה:50%-100% *תינתן עדיפות למועמדים/ות עם מוגבלויות"
רוקח/ת אחראי/ת,מחוז ירושלים,גוש עציון,2025-02-20,https://jobs.clalitapps.co.il/clalit/redmatch-apply/redmatch.apply.html?compPositionID=47310,רוקחות,,"דרוש/ה רוקח/ת אחראי/ת - קהילה בגוש עציון תיאור התפקיד: ניהול צוות עובדי בית המרקחת כולל ישיבות צוות וניהול משמרות אחריות על מלאים, בקרה על תהליכים שונים בתוך ביה""מ ניפוק תרופות על פי מרשמים הניתנים על ידי הרופאים גביית תשלום עבור התרופות בהתאם לנהלים ביצוע ייעוץ רוקחי בדלפק - שימוש בתרופות ללקוחות ביצוע הדרכה רוקחית בפגישה פרטנית עם הלקוח ייעוץ ללקוחות בבחירת תרופות O.T.C והדרכתם לגבי השימוש בהן סיוע בארגון הלוגיסטי של בית המרקחת, אחסון וסידור התרופות על פי הכללים, סידור מדפים חיצוניים, תמחור ומענה טלפוני היכרות ועמידה בדרישות משרד הבריאות בהתנהלות בבית המרקחת השתתפות בפרויקטים מרפאתיים ביצוע מטלות נוספות בהתאם להנחיות הממונה דרישות התפקיד: השכלה אקדמית (תואר ראשון) ברוקחות רישיון עיסוק ברוקחות (משרד הבריאות) ידע מקצועי נרחב יכולת להשתמש בספרות מקצועית כדי למידה ומתן ייעוץ ידיעת השפה העברית על בורייה ידיעת השפה האנגלית כדי קריאת ספרות מקצועית יכולת עבודה בצוות יחסי אנוש טובים תודעת שירות *תינתן עדיפות למועמדים/ות עם מוגבלויות"
רוקח/ת אחראי/ת,מחוז ירושלים,מטה בנימין,2025-02-20,https://jobs.clalitapps.co.il/clalit/redmatch-apply/redmatch.apply.html?compPositionID=47309,רוקחות,,"דרוש/ה רוקח/ת אחראי/ת - קהילה במטה בנימין תיאור התפקיד: ניהול צוות עובדי בית המרקחת כולל ישיבות צוות וניהול משמרות אחריות על מלאים, בקרה על תהליכים שונים בתוך ביה""מ ניפוק תרופות על פי מרשמים הניתנים על ידי הרופאים גביית תשלום עבור התרופות בהתאם לנהלים ביצוע ייעוץ רוקחי בדלפק - שימוש בתרופות ללקוחות ביצוע הדרכה רוקחית בפגישה פרטנית עם הלקוח ייעוץ ללקוחות בבחירת תרופות O.T.C והדרכתם לגבי השימוש בהן סיוע בארגון הלוגיסטי של בית המרקחת, אחסון וסידור התרופות על פי הכללים, סידור מדפים חיצוניים, תמחור ומענה טלפוני היכרות ועמידה בדרישות משרד הבריאות בהתנהלות בבית המרקחת השתתפות בפרויקטים מרפאתיים ביצוע מטלות נוספות בהתאם להנחיות הממונה דרישות התפקיד: השכלה אקדמית (תואר ראשון) ברוקחות רישיון עיסוק ברוקחות (משרד הבריאות) ידע מקצועי נרחב יכולת להשתמש בספרות מקצועית כדי למידה ומתן ייעוץ ידיעת השפה העברית על בורייה ידיעת השפה האנגלית כדי קריאת ספרות מקצועית יכולת עבודה בצוות יחסי אנוש טובים תודעת שירות *תינתן עדיפות למועמדים/ות עם מוגבלויות"
עובד/ת סוציאלית,מחוז מרכז,אשדוד,2025-02-20,https://jobs.clalitapps.co.il/clalit/redmatch-apply/redmatch.apply.html?compPositionID=47306,עבודה סוציאלית,,"למכון התפתחות הילד באשדוד דרוש/ה עובד/ת סוציאלי/ת למישרה מלאה/חלקית תיאור התפקיד: ביצוע הערכות פסיכוסוציאליות טיפול פרטני, דיאדי, משפחתי וקבוצתי עבודה משותפת בצוות רב מקצועי קבלת הדרכה שבועית והשתלמויות מקצועיות שוטפות דרישות התפקיד: תואר שני בעבודה סוציאלית עדיפות לבעלי/ות תעודת פסיכותרפיה או טיפול משפחתי *תינתן עדיפות למועמדים/ות עם מוגבלויות"
"מזכיר/ה החלפה לחל""ד",מרכז רפואי אוניברסיטאי סורוקה,באר שבע,2025-02-20,https://jobs.clalitapps.co.il/clalit/redmatch-apply/redmatch.apply.html?compPositionID=47300,מנהל ומטה,,"דרוש/ה מזכיר/ה החלפה לחל""ד תיאור התפקיד: טיפול בנושא תורים במרפאה: זימון/ביטול/הזזה/מידע מענה טלפוני במרפאה הכנת תיקי המוזמנים למרפאה טיפול אדמניסטרטיבי של מטופלים המגיעים למרפאה והפניה לגורמי הטיפול השונים אחריו להפניית חייבים לתשלום לקופת בית החולים דיווח במערכת ממוחשבת על פעולות שבוצעו במרפאה תיוק וסריקת חומר רפואי ומנהלי לתיק מטופל ביצוע מטלות משרדיות נוספות בהתאם לצורך והנחיות הממונה דרישות התפקיד: תעודת בגרות מלאה - חובה רצוי תעודת מזכירות רפואית תואר ראשון - יתרון ידיעת השפה העברית על בוריה ושליטה טובה בשפה האנגלית רצויה ידיעת שפות זרות נוספות כושר ביטוי בע""פ ובכתב יחסי אנוש טובים תודעת שירות *תינתן עדיפות למועמדים/ות עם מוגבלויות"
רוקח/ת,מרכז רפואי אוניברסיטאי סורוקה,באר שבע,2025-02-20,https://jobs.clalitapps.co.il/clalit/redmatch-apply/redmatch.apply.html?compPositionID=47302,רוקחות,,"תיאור התפקיד: ביקורים במחלקות לצורכי ביקורת מלאי התרופות, זיהוי צריכה מוגברת, זיהוי מלאים מתים וריכוז הזמנות של המחלקה להשלמת המלאים קבלת הזמנות מיחידות בית החולים, קליטה, מיון תרופות והכנת משלוחים למחלקות בקרה על תרופות הניתנות לחולים במחלקות האשפוז, וביצוע מעקב על מתן התרופות, התוויה נכונה למאושפז ובדיקת אינטראקציה בין התרופות קשר ישיר עם אחיות ורופאים בנושאים מקצועיים וביצוע ארגון במחסן התרופות המחלקתי ביצוע ביקורת וטיפול במחסן המחלקתי עפ""י תאריכי תפוגה ואיסוף תרופות שפג תוקפן והעברתן לבית מרקחת הכנת תרופות למלאי שוטף: שקיות עירוי, מזרקים בקבוקים וקופסאות הכנת תרופות למרשם unit dose טיפול בתרופות מיוחדות ובאישורים לפי הצורך טיפול במגשי החייאה, ניהול כמויות, מיקום המגשים והחלפת תרופות המתקרבות לסיום תוקף טיפול במערך תרופות לשעת חירום, ביקור באתרי תרופות אלו וביצוע שינויים במערך החירום על פי הנחיות מתן מענה להזמנות מזדמנות בכתב ושירות בדלפק לקבלת מרשם רופא דרישות התפקיד: השכלה אקדמית (תואר ראשון) ברוקחות רישיון עיסוק ברוקחות (רוקח/ת מדופלם/מ/ת) הכרת התרופות ויכולת להשתמש בספרות מקצועית להשגת מידע עליהן ידיעת השפה העברית על בוריה ידיעת השפה האנגלית כדי קריאת ספרות מקצועית יחסי אנוש טובים * תינתן עדיפות למועמדים/ות עם מוגבלויות"
קלינאי/ת תקשורת,מרכז רפואי אוניברסיטאי סורוקה,באר שבע,2025-02-20,https://jobs.clalitapps.co.il/clalit/redmatch-apply/redmatch.apply.html?compPositionID=47304,קלינאות תקשורת,,"דרוש/ה קלינאי/ת תקשורת לעבודה במחלקת השיקום ובמכון שמיעה בדיבור תיאור התפקיד : עבודה עם צוות קלינאיות תקשורת מקצועי ומיומן וצוותים רב מקצועים אבחון וטיפול בתחומי הדיבור, הקול, השפה והבליעה הדרכת המשפחה/ מלווים קביעת תוכנית טיפולית באשפוז השתתפות בישיבות צוות רב מקצועיות במחלקה השתתפות בישיבות צוות סקטוריאליות ייעוץ במחלקות האישפוז השונות חצי משרה לפחות (20 שעות שבועיות לפחות) עדיפות לקלינאית עם ניסיון בתחום השיקום יינתנו ליווי והדרכה מותאמים תנאי שכר משופרים ! דרישות התפקיד : תואר ראשון בקלינאות תקשורת רישיון עיסוק במקצוע - תעודת הכרה במעמד של משרד הבריאות - יתרון שליטה בשפה העברית ברמת שפת אם שליטה באנגלית ברמת קריאת ספרות מקצועית ידיעת שפה נוספת - יתרון כושר הבעה בכתב ובעל פה יכולת עבודה בסביבה ממוחשבת, שליטה בתוכנות Office יחסי אנוש טובים ויכולת עבודה בצוות * תינתן עדיפות למועמדים/ות עם מוגבלויות"
רוקח אחראי לבקעה,מחוז ירושלים,איזור הבקעה (על כביש 90),2025-02-19,https://jobs.clalitapps.co.il/clalit/redmatch-apply/redmatch.apply.html?compPositionID=47289,רוקחות,,"רוקח/ת?! רוצה להצטרף לארגון הבריאות הגדול במדינה? אם כן, מקומך איתנו! בית מרקחת אורגני חדש ייפתח במפגש הבקעה על כביש 90 וייתן שירות לאלפי תושבי המועצה - תנאים מעולים! תיאור התפקיד: ניפוק תרופות בבתי מרקחת באזור ירושלים מתן הדרכה רוקחית לגבי תרופות מרשם ו- OTC , תוספי מזון ומוצרים נוספים הנמכרים בבית המרקחת דרישות התפקיד : תואר ראשון (לפחות) ברוקחות ותק של שנתיים לפחות כרוקח/ת עמידה בתנאי לחץ ועומס אחריות רבה ודייקנות הקפדה על נהלים וכללים יחסי אנוש מצויינים סבלנות רבה וגמישות אישית רצוי ניסיון בעבודה בבית מרקחת *תינתן עדיפות למועמדים/ות עם מוגבלויות"
פסיכולוג/ית מומחה/ית,מחוז ירושלים,איזור ירושלים,2025-02-19,https://jobs.clalitapps.co.il/clalit/redmatch-apply/redmatch.apply.html?compPositionID=47288,פסיכולוגיה,,"עכשיו יותר מתמיד - צריכים אותך איתנו! במערך בריאות הנפש של כללית ירושלים תיאור התפקיד: צוות פסיכולוגים גדול ואיכותי עבודה בצוות רב מקצועי אווירה נעימה ומעודדת יוזמות תוכנית השתלמות רב שנתית עבודה עם אוכלוסיה מאוד מגוונת מירושלים וערי הסביבה תרומה משמעותית לקהילה אפשרות השתלבות בשירותים ייחודיים במערך בריאות הנפש אפשרות הסמכה להדרכה עבודה בחצי משרה (20 ש""ש) טווח שכר: מומחים/ות 6000-7300, מדריכים/ות 9000 תחילת עבודה מיידית דרישות התפקיד: תואר שני לפחות בפסיכולוגיה קלינית רישום כפסיכולוג/ית קליני/ת מומחה/ית בפנקס הפסיכולוגים של משרד הבריאות יחסי אנוש טובים ויכולת עבודה בצוות *תינתן עדיפות למועמדים/ות עם מוגבלויות"
פסיכולוג/ית מומחה/ית,מחוז ירושלים,איזור ירושלים,2025-02-19,https://jobs.clalitapps.co.il/clalit/redmatch-apply/redmatch.apply.html?compPositionID=47287,פסיכולוגיה,,"תיאור התפקיד: למרפאת מתבגרים שיר""ן דרוש/ה פסיכולוג/ית מומחה/ית לעבודה בתחום טיפול בהפרעות אכילה אם את/ה עם סקרנות ללמידה, רצון להתפתחות מקצועית ומחפש/ת עבודה צוותית רב מקצועית מקומך איתנו! אפשרות לעבודה כשכיר/ה או כעצמאי/ת במתן שירות דרישות התפקיד: תואר שני לפחות בפסיכולוגיה קלינית רישום כפסיכולוג/ית קליני/ת מומחה/ית בפנקס הפסיכולוגים של משרד הבריאות יחסי אנוש טובים ויכולת עבודה בצוות *תינתן עדיפות למועמדים/ות עם מוגבלויות"
פסיכולוג/ית מומחה/ית,מחוז ירושלים,בית שמש,2025-02-19,https://jobs.clalitapps.co.il/clalit/redmatch-apply/redmatch.apply.html?compPositionID=47286,פסיכולוגיה,,"תיאור התפקיד: מערך בריאות הנפש בבית שמש מתרחב לקראת פתיחת שתי מרפאות חדשות בבית שמש - אחת למבוגרים והשנייה לילדים ונוער - אנו מחפשים פסיכולוגים/יות קליניים/ות מומחים/ות ומדריכים/ות בואו להיות חלק מצוות הקמה של מרפאה חדשה ולהשתלב במערך ברה""נ מקצועי ואיכותי ובעל אקלים עבודה נעים העבודה בצוות רב מקצועי, עבודה מעניינת ומגוונת היקף משרה 50% קיימת אפשרות להסמכה להדרכה ימי חמישי בין השעות 12-15 - חובה דרישות התפקיד: תואר שני לפחות בפסיכולוגיה קלינית רישום כפסיכולוג/ית קליני/ת מומחה/ית בפנקס הפסיכולוגים של משרד הבריאות יחסי אנוש טובים ויכולת עבודה בצוות *תינתן עדיפות למועמדים/ות עם מוגבלויות"
מרפא/ה בעיסוק,בית חולים הרצפלד – מרכז רפואי גריאטרי שיקומי,גדרה,2025-02-18,https://jobs.clalitapps.co.il/clalit/redmatch-apply/redmatch.apply.html?compPositionID=47167,ריפוי בעיסוק,,"דרוש/ה מרפא/ה בעיסוק למחלקות שיקום גריאטרי תיאור התפקיד: ביצוע פעילות מקצועית שוטפת: הערכה וקביעת תוכנית התערבות מקצועית, ביצוע התערבות טיפולית פרטנית וקבוצתית ומתן ייעוץ והדרכה למטופל ולמשפחתו השתתפות בישיבות צוות ובקבוצות ללמידת עמיתים ייצוג מקצוע הריפוי בעיסוק וייעוץ לגורמי טיפול נוספים בבית החולים פיתוח וקידום פרויקטים ומחקרים מקצועיים והצגה בכנסים אפשרות להשתתפות בצוותים חוצי ארגון, העוסקים בפיתוח תכניות התערבות חדשניות תינתן הדרכה פרטנית וקבוצתית, תוך דגש על מתן הכשרה וקורסים לרכישת ידע ומיומנויות עדכניים דרישות התפקיד: תואר ראשון בריפוי בעיסוק, תעודת מרפא/ה בעיסוק מטעם משרד הבריאות מתאים גם לסטודנטים/ות לפני מבחן רישוי שליטה מלאה בעברית, שליטה באנגלית לקריאת ספרות מקצועית רלוונטית יחסי אנוש טובים, יכולת עבודה בצוות יוזמה ופרו-אקטיביות ללמידה ולעשייה מקצועית *תינתן עדיפות למועמדים/ות עם מוגבלויות"
דיאטנ/ית,מחוז ירושלים,ירושלים והסביבה,2025-02-16,https://jobs.clalitapps.co.il/clalit/redmatch-apply/redmatch.apply.html?compPositionID=47258,תזונה ודיאטה,,"תיאור התפקיד: טיפול בחולים בנושאי תזונה ודיאטה, בהתאמה אישית בהיבטים קליניים, תרבותיים, חברתיים וכלכליים - גם מבוגרים וגם ילדים ותינוקות בירושלים ובמטה בנימין טיפול במסגרת ביקורי בית אצל חולים כחלק מהיחידה להמשך טיפול ומעקב ריענון ועדכון ידע תזונתי לצוותים הרפואיים השונים הפועלים במחוז שותפות פעילה בדיונים על חולים בנושאי דיאטה כחלק מצוות רב מקצועי (צוותים מרפאתיים ובין מרפאתיים) העברת הרצאות וסדנאות בקבוצות אוכלוסייה שונות, במגוון נושאים ובדגש על גיוון מזון והרגלי אכילה בריאים שותפות בעריכת מחקרים וסקרים בקרב האוכלוסיה בקהילה התעדכנות שוטפת בידע מקצועי עדכני, באופן עצמאי ובאמצעות מערך התזונה והדיאטה בכללית דרישות התפקיד: תואר ראשון במדעי התזונה, ממוסד המוכר ע""י המועצה להשכלה גבוהה רישוי משרד הבריאות לעיסוק דיאטן/ית או תזונאי/ת (נדרשים סטאז' ובחינה) קורס הנחיית קבוצות שנת ניסיון יתרון לבעלי תואר נוסף בתחום מדעי התזונה, מדעי ההתנהגות או בריאות הציבור יתרון לבעלי הכשרה בתחומים: הנחיית קבוצות, CBT כישורים בינאישיים טובים מאוד שליטה מלאה בעברית, רצויה ידיעת שפה לועזית נוספת כושר הבעה גבוה בכתב ובע""פ שליטה בתוכנות Office *תינתן עדיפות למועמדים/ות עם מוגבלויות"
רוקח/ת,מחוז ירושלים,בית שמש,2025-02-16,https://jobs.clalitapps.co.il/clalit/redmatch-apply/redmatch.apply.html?compPositionID=47257,רוקחות,,"תיאור התפקיד: ניפוק תרופות על פי מרשמים הניתנים על ידי הרופאים גביית תשלום עבור תרופות בהתאם לנהלים ביצוע ייעוץ רוקחי בדלפק - שימוש בתרופות ללקוחות ביצוע הדרכה רוקחית בפגישה פרטנית עם הלקוח ייעוץ ללקוחות בבחירת תרופות O.T.C והדרכתם לגבי השימוש בהן סיוע בארגון הלוגיסטי של בית המרקחת, אחסון וסידור התרופות על פי הכללים, סידור מדפים חיצוניים, תמחור ומענה טלפוני היכרות ועמידה בדרישות משרד הבריאות בהתנהלות בבית המרקחת תיתכן החלפת הרוקח האחראי במטלות מרפאתיות כגון: ישיבות צוות או פרויקטים מרפאתיים אחרים השתתפות בפרויקטים שהמרפאה מובילה, בהתאם להחלטת הרוקח האחראי ביצוע מטלות נוספות בהתאם להנחיות הממונה קיימת אופציה לקידום לתפקיד ניהולי בעתיד דרישות התפקיד: השכלה אקדמית (תואר ראשון) ברוקחות רישיון עיסוק ברוקחות (משרד הבריאות) ידע מקצועי נרחב יכולת להשתמש בספרות מקצועית כדי למידה ומתן ייעוץ ידיעת השפה העברית על בורייה ידיעת השפה האנגלית כדי קריאת ספרות מקצועית *תינתן עדיפות למועמדים/ות עם מוגבלויות"
פרח רוקחות,מחוז ירושלים,מחוז ירושלים,2025-02-16,https://jobs.clalitapps.co.il/clalit/redmatch-apply/redmatch.apply.html?compPositionID=47224,אחזקה ולוגיסטיקה,,"למספר בתי מרקחת במחוז ירושלים דרוש כח עזר לרוקחים תיאור התפקיד: עזרה בפירוק סחורה סידור תרופות במגירות ומדפים תיוג מחירים בדיקת תוקף הכנת הזמנות תפקיד זמני לתקופה של עד שנתיים, העסקה כעובד כללית נדרשת עבודה החל משעות הבוקר, היקף המשרה גמיש דרישות התפקיד: תעודת בגרות מלאה (או מבחני סאלד) אחריות גבוהה, סדר וארגון עצמאות אנגלית (קריאה) *תינתן עדיפות למועמדים/ות עם מוגבלויות"
אח.ות לבריאות הנפש בקהילה,מחוז ירושלים,"ירושלים והסביבה (מעלה אדומים, גוש עציון, מטה בנימין, מטה יהודה)",2025-02-16,https://jobs.clalitapps.co.il/clalit/redmatch-apply/redmatch.apply.html?compPositionID=47225,אחים ואחיות,,"תיאור התפקיד: אחריות לתכנון וריכוז הטיפול הכוללני באוכלוסיית מטופלים, בתחום הפסיכיאטריה קבלת מטופלים המופנים למרפאה ותיכנון הטיפול הסיעודי - אומדן, ביצוע והערכה, לרבות הדרכה ואוריינטציה של המטופל ובני משפחתו ריכוז הטיפול הסיעודי במטופל או במספר מטופלים, תוך שיתוף גורמים מקצועיים רלוונטיים (רופא, עו""ס, דיאטנית, פיזיותרפיסט, ועוד) סיוע בהבטחת רצף טיפולי והבטחת איכות הטיפול יצירת תנאים סביבתיים הולמים לבטיחות ונוחות המטופל על פי הנחיות מקצועיות פעילות בתיאום ושיתוף פעולה עם עמיתים, הנהלות סיעוד, צוותים בקהילה ובית חולים השתתפות בישיבות מקצועיות, כולל הצגה ועדכון הטיפול הסיעודי משרה מלאה בירושלים דרישות התפקיד: השכלה בסיעוד - בוגרי/ות בי""ס לסיעוד תואר ראשון בסיעוד או בניהול מערכות בריאות קורס על בסיסי בפסיכיאטריה (או נכונות לעשות קורס זה) רקע בהתמכרויות - יתרון רישוי עבודה כאח/ות מוסמכ/ת (תעודת רישום) ניסיון קודם בתחום בריאות הנפש ידיעת הנהלים והתקנות הרלוונטיים ידיעת השפה העברית ברמה גבוהה מאוד יכולת הדרכה והנחיה - יתרון יכולת הפעלת צוות - יתרון כושר תכנון וארגון *תינתן עדיפות למועמדים/ות עם מוגבלויות"
אח/ות,מחוז ירושלים,מבשרת ציון (ליד ירושלים),2025-02-16,https://jobs.clalitapps.co.il/clalit/redmatch-apply/redmatch.apply.html?compPositionID=47226,אחים ואחיות,,"תיאור התפקיד: קבלת מטופלים למרפאה ותכנון הטיפול הסיעודי ריכוז הטיפול הסיעודי במטופלים, תוך שיתוף גורמים מקצועיים רלוונטיים, לרבות הדרכה והנחייה של מטופלים ובני משפחותיהם מתן טיפול סיעודי לפונים למרפאה, בהתאם לצרכים, לתקנים מקצועיים ולהנחיות רפואיות סיוע לרופאים ויישום הוראות רפואיות תיעוד ודיווח בכתב ובעל פה על המטופלים והטיפול בהם התעדכנות בידע, מיומנות וחידושים טכנולוגיים, והעשרה מקצועית, באמצעות ספרות מקצועית, ימי עיון, השתלמויות, כנסים, מחקרים ועוד דרישות התפקיד: השכלה בסיעוד - בוגרי בי""ס לסיעוד רצוי - בעלי תואר ראשון מוכר בסיעוד: תואר ראשון בסיעוד או בניהול מערכות בריאות רישוי עבודה כאח/ות מוסמך/ת (תעודת רישום) ידע מקצועי עדכני בתחום הפעילות ידיעת השפה העברית, ידיעת אנגלית (כדי קריאת ספרות מקצועית) יכולות הדרכה, עמידה בלחצים יכולת עבודה בצוות ושיתוף פעולה בצוות יכולת תפעול המכשור הקיים במרפאה *תינתן עדיפות למועמדים/ות עם מוגבלויות"
רוקח/ת,מחוז ירושלים,ירושלים והסביבה,2025-02-16,https://jobs.clalitapps.co.il/clalit/redmatch-apply/redmatch.apply.html?compPositionID=47267,רוקחות,,"רוקח/ת?! רוצה להצטרף לארגון הבריאות הגדול במדינה? אם כן, מקומך איתנו! תיאור התפקיד: ניפוק תרופות בבתי מרקחת באזור ירושלים מתן הדרכה רוקחית לגבי תרופות מרשם ו- OTC , תוספי מזון ומוצרים נוספים הנמכרים בבית המרקחת משרה מלאה (40 ש""ש), העבודה היא בבתי מרקחת באזור ירושלים דרישות התפקיד : תואר ראשון (לפחות) ברוקחות עמידה בתנאי לחץ ועומס אחריות רבה ודייקנות הקפדה על נהלים וכללים יחסי אנוש מצויינים סבלנות רבה וגמישות אישית רצוי ניסיון בעבודה בבית מרקחת *תינתן עדיפות למועמדים/ות עם מוגבלויות"
עובד/ת משק וניקיון,מרכז רפואי העמק,עפולה,2025-02-11,https://jobs.clalitapps.co.il/clalit/redmatch-apply/redmatch.apply.html?compPositionID=41679,אחזקה ולוגיסטיקה,,"תיאור התפקיד: ביצוע עבודות ניקיון ביחידות בית החולים. ביצוע העבודה בהתאם לסידורי העבודה ועל פי הוראות הממונה. ביצוע הניקיון בהתאם לצרכים המיוחדים במחלקה בה מועסק כולל ניקיון שגרתי וניקיון יסודי לפי הוראות הממונה ותכנית עבודה נתונה. שימוש בחומרי ניקוי וחיטוי ובמכשור מכני על פי צרכי העבודה, הוראות הממונה והוראות הקבע הקיימות. ביצוע העבודה תוך שמירה על כללי הבטיחות כגון שימוש בכפפות, משקפי מגן, נעליים סגורות, לבוש סטרילי. ביצוע עבודות מיוחדות בתחום הניקיון לפי הוראות הממונה. ביצוע התפקיד כעובד/ת יחיד/ה או כחלק מצוות. דיווח לממונים על ליקויים המתגלים בעבודה. ביצוע תפקידים נוספים על פי הוראות הממונה. דרישות התפקיד: ידיעת השפה העברית בריאות תקינה נכונות לעבודה במשמרות בוקר/ערב כולל סופי שבוע וחגים. * תינתן עדיפות למועמדים/ות עם מוגבלויות"
סטאז'ר/ית ברוקחות,מחוז תל אביב יפו,"חולון, תל אביב, בת ים",2025-02-06,https://jobs.clalitapps.co.il/clalit/redmatch-apply/redmatch.apply.html?compPositionID=46709,רוקחות,,"תיאור התפקיד: התמקצעות בעבודת הרוקחות בקהילה/בית החולים עבודה בצוות רב מקצועי דרישות התפקיד: סטודנטים/ות לרוקחות בארץ, לאחר השלמת חובותיהם/ן האקדמיות בוגרי/ות חו""ל שהופנו ע""י משרד הבריאות לביצוע ההתמחות *תינתן עדיפות למועמדים/ות עם מוגבלויות"
קלינאי/ת תקשורת,מחוז ירושלים,איזור ירושלים,2025-02-06,https://jobs.clalitapps.co.il/clalit/redmatch-apply/redmatch.apply.html?compPositionID=47214,קלינאות תקשורת,,"תיאור התפקיד: ביצוע אבחון והערכה למבוגרים, לנוער, לילדים ולתינוקות, בתחומי השמיעה, השפה, הדיבור והבליעה בתחום השמיעה: ביצוע בדיקות שמיעה לבדיקת סף השמיעה, מיקום הנזק, בדיקות סינון לילודים ובדיקות נוירופיזיולוגיות שיקום שמיעה - התאמת מכשירי שמיעה, שתל קוכליארי, BAHA , ועוד בתחום השפה והדיבור: ילדים - אבחון והערכה של שפה, היגוי, קול, הפרעות בקצב הדיבור, בעיות פונקציונאליות ואורגניות. קביעת תכנית טיפולית, וטיפול בהתאם לממצאי האבחון מבוגרים - הערכה של הפרעות שפה נרכשות, הפרעות בקצב הדיבור, בעיות קול ובליעה. קביעת תכנית טיפולית, וטיפול בהתאם לממצאי ההערכה לקיחת חלק פעיל בעבודת צוות מקצועי ורב מקצועי השתתפות בימי עיון והשתלמויות, התעדכנות בחידושים מקצועיים אפשרות להשתתפות בפרויקטים ובמחקרים דרישות התפקיד תואר ראשון בקלינאות תקשורת רשיון עיסוק במקצוע - תעודת הכרה במעמד של משרד הבריאות שליטה בשפה העברית ברמת שפת אם שליטה באנגלית ברמת קריאת ספרות מקצועית ידיעת שפה נוספת - יתרון כושר הבעה בכתב ובעל פה יכולת עבודה בסביבה ממוחשבת, שליטה בתוכנות Office יחסי אנוש טובים ויכולת עבודה בצוות יכולת הסתגלות לסביבות עבודה משתנות סקרנות ומוטיבציה ללמידה ולהתפתחות מקצועית *תינתן עדיפות למועמדים/ות עם מוגבלויות"
"רופא/ת משפחה, ילדים או יועצת Family Doctors, Pediatricians or Consultant Doctors",מחוז דן פתח תקווה,"מחוז דן-פ""ת: ר""ג, פ""ת, ראש העין, בני ברק",2025-02-06,https://jobs.clalitapps.co.il/clalit/redmatch-apply/redmatch.apply.html?compPositionID=47162,רפואה,,"דרושים/ות רופאים ורופאות ברפואת משפחה, ילדים או יועצת למרפאות הקהילה בואו להיות חלק ממשפחת כללית במחוז דן-פ""ת תנאים מצויינים למתאימים/ות, אפשרויות להתפתחות מקצועית וניהולית תיאור התפקיד: ביצוע אבחונים, גיבוש תוכניות טיפול וטיפול במטופלים, במרפאות מצוידות היטב ובמתאר קהילתי השתתפות בוועדות, בישיבות ובדיונים בנושאים מקצועיים שונים, במרפאה ובמחוז קשרי עבודה עם גורמים שונים בקהילה ועם גורמי חוץ, כגון אקדמיה, בתי חולים ועוד ביצוע פעילות אקדמית של הדרכה ומחקר במסגרת הקהילה ומוסדות אקדמיים על פי הצורך והמצאי השתלבות במערך הרפואה המחוזי, על פי המקובל ובהתאם להסכמים ולצרכים התעדכנות מקצועית שוטפת, באמצעות ספרות מקצועית, מקורות מידע מקוונים, כנסים, השתלמויות ועוד דרישות התפקיד: תואר MD ברפואה רישיון ישראלי לעסוק ברפואה תעודת מומחיות באחד ממקצועות הרפואה היועצת ידע מקצועי נרחב ועדכני בתחום הפעילות המקצועית הכרת החוקים, התקנות והנהלים הרלוונטיים ידע בהפעלת מערכות מחשב רלוונטיות שליטה בשפה העברית, ושליטה באנגלית לפחות כדי קריאת ספרות מקצועית ידיעת שפה נוספת - יתרון מקצוענות אבחנתית וביצועית יכולת ניתוח ואינטגרציה תקשורת בין אישית טובה ושיתוף פעולה בצוות שירותיות, סבלנות ואמפתיה לזולת *תינתן עדיפות למועמדים/ות עם מוגבלויות"
רופא/ה מומחה/ית ברפואה יועצת  consultant doctor מחוז שרון שומרון,מחוז שרון שומרון,הרצליה/כפר סבא/נתניה/חדרה,2025-02-04,https://jobs.clalitapps.co.il/clalit/redmatch-apply/redmatch.apply.html?compPositionID=46959,רפואה,,"למרפאות באיזור נתניה, הרצליה, כפר סבא וחדרה דרוש/ה רופא/ה מומחה/ית ברפואה יועצת Ophthalmology specialist מומחה ברפואת עיניים Dermatology specialist מומחה לרפואת עור מומחה לאנדוקרינולוגיה Endocrinology specialist מומחה בכירורגיית שד Breast Surgery Specialist תיאור התפקיד: הנגשת הרפואה היועצת למטופל במסגרת הקהילה ביצוע אבחונים, גיבוש תכניות טיפול, וטיפול במטופלים (לרבות פעולות פולשניות), במרפאות מצוידות היטב ובמתאר קהילתי השתתפות בוועדות, בישיבות ובדיונים בנושאים מקצועיים שונים, במרפאה ובמחוז העברת מידע רפואי, בכתב או בעל פה, על פי הצורך ובהתאם לדרישות ולנהלים קשרי עבודה עם גורמים שונים בקהילה, ועם גורמי חוץ, כגון אקדמיה, בתי חולים ועוד ביצוע פעילות אקדמית של הדרכה ומחקר במסגרת הקהילה ומוסדות אקדמיים על פי הצורך והמצאי השתלבות במערך הרפואה המחוזי, על פי המקובל ובהתאם להסכמים ולצרכים התעדכנות מקצועית שוטפת, באמצעות ספרות מקצועית, מקורות מידע מקוונים, כנסים, השתלמויות ועוד ביצוע מטלות נוספות בתחום המקצועי, לפי הוראות הממונה דרישות התפקיד: תואר MD ברפואה רישיון ישראלי לעסוק ברפואה תעודת מומחיות באחד ממקצועות הרפואה היועצת ידע מקצועי נרחב ועדכני בתחום הפעילות המקצועית הכרת החוקים, התקנות והנהלים הרלוונטיים ידע בהפעלת מערכות מחשב רלוונטיות שליטה בשפה העברית, ושליטה באנגלית כדי קריאת ספרות מקצועית ידיעת שפה נוספת - יתרון מקצוענות אבחנתית וביצועית יכולת ניתוח ואינטגרציה תקשורת בין אישית טובה ושיתוף פעולה בצוות שירותיות, סבלנות ואמפתיה לזולת *תינתן עדיפות למועמדים/ות עם מוגבלויות"
אחים/יות,מחוז ירושלים,גוש עציון (ליד ירושלים),2025-01-30,https://jobs.clalitapps.co.il/clalit/redmatch-apply/redmatch.apply.html?compPositionID=47131,אחים ואחיות,,"למרפאות בבית""ר עלית דרושים/ות אחים/ות - אחות למרכז לבריאות האישה החדש שייפתח באפריל - אח/ות למרפאה ראשונית במשרה חלקית, החל מאפריל תיאור התפקיד: קבלת מטופלים למרפאה ותכנון הטיפול הסיעודי ריכוז הטיפול הסיעודי במטופלים, תוך שיתוף גורמים מקצועיים רלוונטיים, לרבות הדרכה והנחייה של מטופלים ובני משפחותיהם מתן טיפול סיעודי לפונים למרפאה, בהתאם לצרכים, לתקנים מקצועיים ולהנחיות רפואיות סיוע לרופאים ויישום הוראות רפואיות תיעוד ודיווח בכתב ובעל פה על המטופלים והטיפול בהם התעדכנות בידע, מיומנות וחידושים טכנולוגיים, והעשרה מקצועית, באמצעות ספרות מקצועית, ימי עיון, השתלמויות, כנסים, מחקרים ועוד דרישות התפקיד: השכלה בסיעוד - בוגרי/ות בי""ס לסיעוד רצוי - תואר ראשון מוכר בסיעוד: תואר ראשון בסיעוד או בניהול מערכות בריאות. רישוי עבודה כאח/ות מוסמך/ת (תעודת רישום) ידע מקצועי עדכני בתחום הפעילות ידיעת השפה העברית, ידיעת אנגלית (כדי קריאת ספרות מקצועית) יכולות הדרכה, עמידה בלחצים יכולת עבודה בצוות ושיתוף פעולה בצוות יכולת תפעול המכשור הקיים במרפאה *תינתן עדיפות למועמדים/ות עם מוגבלויות"
אח/ות,מחוז ירושלים,הר אדר (קרוב לירושלים),2025-01-30,https://jobs.clalitapps.co.il/clalit/redmatch-apply/redmatch.apply.html?compPositionID=47132,אחים ואחיות,,"דרוש/ה אח/ות למרפאה כפרית בהר אדר - חצי משרה (20ש""ש) תיאור התפקיד: קבלת מטופלים למרפאה ותכנון הטיפול הסיעודי ריכוז הטיפול הסיעודי במטופלים, תוך שיתוף גורמים מקצועיים רלוונטיים, לרבות הדרכה והנחייה של מטופלים ובני משפחותיהם מתן טיפול סיעודי לפונים למרפאה, בהתאם לצרכים, לתקנים מקצועיים ולהנחיות רפואיות סיוע לרופאים ויישום הוראות רפואיות תיעוד ודיווח בכתב ובעל פה על המטופלים והטיפול בהם התעדכנות בידע, מיומנות וחידושים טכנולוגיים, והעשרה מקצועית, באמצעות ספרות מקצועית, ימי עיון, השתלמויות, כנסים, מחקרים ועוד דרישות התפקיד: השכלה בסיעוד - בוגר/ת בי""ס לסיעוד רצוי - תואר ראשון מוכר בסיעוד: תואר ראשון בסיעוד או בניהול מערכות בריאות רישוי עבודה כאח/ות מוסמך/ת (תעודת רישום) ידע מקצועי עדכני בתחום הפעילות ידיעת השפה העברית, ידיעת אנגלית (כדי קריאת ספרות מקצועית) יכולות הדרכה, עמידה בלחצים יכולת עבודה בצוות ושיתוף פעולה בצוות יכולת תפעול המכשור הקיים במרפאה *תינתן עדיפות למועמדים/ות עם מוגבלויות"
מרפא/ה בעיסוק,מרכז לבריאות הנפש שלוותה,הוד השרון,2025-01-28,https://jobs.clalitapps.co.il/clalit/redmatch-apply/redmatch.apply.html?compPositionID=47107,ריפוי בעיסוק,,"למרכז לבריאות הנפש שלוותה, דרושים/ות מרפאים/ות בעיסוק למס' משרות : - מרפאות ילדים ונוער- טיפול מרפאתי. עדיפות לבעלי ידע בתחום וויסות חושי ו Cog-Fun - טיפול יום ילדים ונוער - מחלקת מבוגרים- סגורה - יחידה להערכה והכנה לשיקום תיאור התפקיד : אבחון, הערכה וקביעת תוכנית התערבות מקצועית למטופל, ייעוץ והדרכה למטופל ולמשפחתו הכנת המטופל (במידה והוא מעל גיל 18) לוועדת סל שיקום מעורבות פעילה בצוותי טיפול רב מקצועיים לצורך קידום תהליך הטיפול ייצוג מקצוע הריפוי בעיסוק וייעוץ לגורמי טיפול נוספים - במסגרת צוות רב מקצועי או במסגרות אחרות בקהילה ובבתי החולים של כללית הכשרה ופיתוח מקצועי ועדכני השתתפות בישיבות צוות ובקבוצות ללמידת עמיתים אפשרות להשתתפות בקבוצות מחקר בריפוי בעיסוק ובמגוון תחומים ברפואה אפשרות להשתתפות בצוותים חוצי ארגון, העוסקים בפיתוח תכניות התערבות חדשניות דרישות התפקיד : תואר ראשון (לפחות) בריפוי בעיסוק או בוגר/ת לפני מבחן רישוי תעודת רישוי בריפוי בעיסוק מטעם משרד הבריאות שליטה מלאה בעברית, ושליטה באנגלית כדי קריאת ספרות מקצועית רלוונטית יחסי אנוש טובים, יכולת עבודה בצוות יוזמה ופרו-אקטיביות ללמידה ולעשייה מקצועית היקף משרה:50%-100% * תינתן עדיפות למועמדים/ות עם מוגבלויות"
עובד/ת טכני בבית מרקחת - פרח רוקחות,מחוז דרום,"באר שבע, אשקלון,",2025-01-23,https://jobs.clalitapps.co.il/clalit/redmatch-apply/redmatch.apply.html?compPositionID=47097,אחזקה ולוגיסטיקה,,"רוצה להשתלב בעבודה מאתגרת בארגון הבריאות המוביל במדינה? מקומך איתנו! תיאור התפקיד: אחריות לטיפול במלאי, קבלת הזמנות וביצוע הזמנות על פי הנחיית הרוקח סידור וארגון בבית המרקחת, כולל סידור תרופות ומוצרים משלימים על מדפים ליקוט תרופות בהתאם למרשמים בקרת פגי תוקף תמחור מוצרים מענה טלפוני הדרכתם לקוחות על שירותי הדיגיטל של בית המרקחת דרישות התפקיד: בגרות מלאה - חובה אנגלית (קריאה) ברמה טובה - חובה יכולת למידה גבוהה סדר, ארגון, דייקנות יכולת חשיבה לוגית מוטיבציה גבוהה עדיפות לסטודנטים לרוקחות שנה ג' וד' *תינתן עדיפות למועמדים/ות עם מוגבלויות"
רופא/ת משפחה מומחה/ית Family doctors - Binyamin region (close to Jlm),מחוז ירושלים,מטה בנימין (מרפאת שילה או בית אל),2025-01-21,https://jobs.clalitapps.co.il/clalit/redmatch-apply/redmatch.apply.html?compPositionID=47056,רפואה,,"רופאות ורופאי המשפחה/ילדים בכללית מטפלים ומלווים את המטופלים ובני משפחותיהם, תוך דאגה לכלל צרכיהם הבריאותיים, מתוך ראיה כוללת והתחשבות ברצונות הפרט ובתרבותו תיאור התפקיד: ביצוע אבחונים, גיבוש תוכניות טיפול וטיפול במטופלים במרפאה במסגרת רפואת המשפחה/ילדים השתתפות בוועדות, בישיבות ובדיונים בנושאים מקצועיים שונים, במרפאה ובמחוז העברת מידע רפואי, בכתב או בעל פה, על פי הצורך ובהתאם לדרישות ולנהלים קשרי עבודה עם גורמים שונים בקהילה ועם גורמי חוץ כגון: אקדמיה, בתי חולים ועוד ביצוע פעילות אקדמית של הדרכה ומחקר במסגרת הקהילה ומוסדות אקדמיים על פי הצורך והמצאי השתלבות במערך הרפואה המחוזי, על פי המקובל ובהתאם להסכמים ולצרכים התעדכנות מקצועית שוטפת, באמצעות ספרות מקצועית, מקורות מידע מקוונים, כנסים, השתלמויות ועוד ביצוע מטלות נוספות בתחום המקצועי, לפי הוראות הממונה דרישות התפקיד: תואר MD ברפואה תעודת מומחה/ית (נא לא להגיש מועמדות אם אינך רופא/ה מומחה/ית או בשלב מתקדם בהתמחות) רישיון ישראלי לעסוק ברפואה ידע מקצועי נרחב ועדכני בתחום הפעילות המקצועית הכרת החוקים, התקנות והנהלים הרלוונטיים ידע בהפעלת מערכות מחשב רלוונטיות שליטה בשפה העברית ושליטה באנגלית לפחות כדי קריאת ספרות מקצועית תקשורת בין אישית טובה ושיתוף פעולה בצוות שירותיות, סבלנות ואמפתיה לזולת *תינתן עדיפות למועמדים/ות עם מוגבלויות"
אח/ות כפר,מחוז שרון שומרון,גוש תל מונד,2025-01-16,https://jobs.clalitapps.co.il/clalit/redmatch-apply/redmatch.apply.html?compPositionID=47062,אחים ואחיות,,"לאזור גוש תל מונד דרוש/ה אח/ות כפר במשרה חלקית, 3 ימים בשבוע. משמרת אחת אחה""צ שני - בוקר, שלישי - אחה""צ, חמישי - בוקר תיאור התפקיד: אחריות לתכנון וריכוז הטיפול הכוללני באוכלוסיית המטופלים בקיבוץ קבלת מטופלים ותכנון הטיפול הסיעודי - אומדן, תכנון, ביצוע והערכה, לרבות הדרכה ואוריינטציה של המטופל ובני משפחתו מיון מטופלים - טריאז' מתן טיפולים שונים כגון חבישות, זריקות, לקיחת דמים ביצוע ביקורי בית מעקב אחר החולים הכרוניים מעקב אחר נשים הרות ניהול מעקב אחר חולים כרוניים יצירת תנאים סביבתיים הולמים להבטחת בטיחות ונוחות המטופל על פי הנחיות מקצועיות קשר עם גורמי פנים וחוץ שונים עבודה בתיאום ושיתוף פעולה עם עמיתים, צוותים בקהילה ובית חולים דרישות התפקיד: השכלה באֲחָיוּת - בוגר/ת בי""ס לאֲחָיוּת השכלה אקדמית (תואר ראשון) מוכר בסיעוד: תואר ראשון בסיעוד או בניהול מערכות בריאות רישיון עיסוק באֲחָיוּת עדיפות לבוגר/ת קורס על בסיסי בבריאות הציבור ניסיון בעבודה במרפאה שנתיים לפחות כושר הבעה בכתב ובע""פ יחסי אנוש טובים. ידיעת השפה העברית ושפה לועזית נוספת *תינתן עדיפות למועמדים/ות עם מוגבלויות"
רוקח/ת אחראי/ת,מחוז דן פתח תקווה,"בני ברק, רמת גן, פתח תקווה, ראש העין",2025-01-14,https://jobs.clalitapps.co.il/clalit/redmatch-apply/redmatch.apply.html?compPositionID=47034,רוקחות,,"תיאור התפקיד: אחריות מקצועית וניהולית להספקת שירותי רוקחות לצוות וללקוחות של המרפאה אחריות לניהול מלאי התרופות והחומרים בבית המרקחת לרבות מעקב אחר מלאים ותפוגה, הזמנות, קבלת סחורה, מיון וסידור ניהול צוות הרוקחים בבית המרקחת לרבות הדרכה, קליטה והערכה ביצוע בקרה מקצועית על פעילות הצוות (בדיקת מרשמים, פיקוח הכנת תרופות) ייעוץ מקצועי בנושאי תרופות לצוות, ללקוחות ולצוות הרפואי טיפול בפניות ותלונות של לקוחות ומתן הסברים ומידע בנושאי תרופות וניפוקן טיפול בנושאי מנהלה הכרוכים בניהול בית המרקחת - כספים וקופה, תיוק, תכתובת מנהלית ומקצועית, הקלדת נתונים וחישובים, אחזקת ציוד דרישות התפקיד : השכלה אקדמית (תואר ראשון) ברוקחות - חובה תואר שני - יתרון רוקח/ת מדופלם/ת + אישור אחריות על בית מרקחת (משרד הבריאות) - חובה ניסיון קודם של שנתיים לפחות בתחום המקצועי - חובה ידע ובקיאות בהוראות משרד הבריאות לניהול בית מרקחת יכולת ניהול *תינתן עדיפות למועמדים/ות עם מוגבלויות"
רוקח/ת,מחוז דן פתח תקווה,"בני ברק, רמת גן, גבעתיים, פתח תקווה, ראש העין",2025-01-14,https://jobs.clalitapps.co.il/clalit/redmatch-apply/redmatch.apply.html?compPositionID=47033,רוקחות,,"תיאור התפקיד: ניפוק תרופות על פי מרשמים הניתנים על ידי הרופאים גביית תשלום עבור התרופות בהתאם לנהלים ביצוע ייעוץ רוקחי בדלפק - שימוש בתרופות ללקוחות ביצוע הדרכה רוקחית בפגישה פרטנית עם הלקוח ייעוץ ללקוחות בבחירת תרופות O.T.C והדרכתם לגבי השימוש בהן סיוע בארגון הלוגיסטי של בית המרקחת, אחסון וסידור התרופות על פי הכללים, סידור מדפים חיצוניים, תמחור ומענה טלפוני היכרות ועמידה בדרישות משרד הבריאות בהתנהלות בבית המרקחת תיתכן החלפת הרוקח האחראי במטלות מרפאתיות כגון: ישיבות צוות או פרויקטים מרפאתיים אחרים השתתפות בפרויקטים שהמרפאה מובילה, בהתאם להחלטת הרוקח האחראי ביצוע מטלות נוספות בהתאם להנחיות הממונה דרישות התפקיד: השכלה אקדמית (תואר ראשון) ברוקחות רישיון עיסוק ברוקחות (משרד הבריאות) ידע מקצועי נרחב ידיעת השפה העברית על בורייה ידיעת השפה האנגלית כדי קריאת ספרות מקצועית יכולת עבודה בצוות יחסי אנוש טובים תודעת שירות *תינתן עדיפות למועמדים/ות עם מוגבלויות"
עובד/ת סוציאלי/ת ביחידה להמשך טיפול,מחוז דן פתח תקווה,"ראש העין , השרון והסביבה",2025-01-14,https://jobs.clalitapps.co.il/clalit/redmatch-apply/redmatch.apply.html?compPositionID=47030,עבודה סוציאלית,,"תיאור התפקיד: ביקורי בית בקרב מטופלי היחידה להמשך טיפול התערבויות ממוקדות בתחום הבריאות, התערבויות במשבר, תהליכי סוף חיים, טיפול פרטני במטופל ובבני משפחתו עבודת צוות רב מקצועית התחייבות להתפתחות מקצועית שכוללת הדרכה פרטנית, קבוצתית והעשרה מקצועית דרישות התפקיד: תואר ראשון בעבודה סוציאלית תואר שני - יתרון יתרון לבעלי/ות ניסיון בתחום הבריאות יכולת עבודה בצוות רב מקצועי ויחסי אנוש מצוינים רישיון נהיגה - חובה *תינתן עדיפות למועמדים/ות עם מוגבלויות"
רוקח/ת,מחוז ירושלים,ירושלים והסביבה,2025-01-14,https://jobs.clalitapps.co.il/clalit/redmatch-apply/redmatch.apply.html?compPositionID=47025,רוקחות,,"רוקח/ת? רוצה להצטרף לארגון הבריאות הגדול במדינה? אם כן, מקומך איתנו! למשרה בגוש עציון להחלפה בחל""ד (עם אופציה להמשך באחת המרפאות במחוז ירושלים) תיאור התפקיד: ניפוק תרופות בבתי מרקחת באזור ירושלים מתן הדרכה רוקחית לגבי תרופות מרשם ו- OTC , תוספי מזון ומוצרים נוספים הנמכרים בבית המרקחת משרה מלאה (40 ש""ש), העבודה היא בבתי מרקחת באזור ירושלים דרישות התפקיד : תואר ראשון (לפחות) ברוקחות עמידה בתנאי לחץ ועומס אחריות רבה ודייקנות הקפדה על נהלים וכללים יחסי אנוש מצויינים סבלנות רבה וגמישות אישית רצוי ניסיון בעבודה בבית מרקחת *תינתן עדיפות למועמדים/ות עם מוגבלויות"
פיזיותרפיסט/ית,מחוז דן פתח תקווה,"אור יהודה, פתח תקווה, רמת גן, בני ברק, קריית אונו",2025-01-14,https://jobs.clalitapps.co.il/clalit/redmatch-apply/redmatch.apply.html?compPositionID=47019,פיזיותרפיה,,"תיאור התפקיד: אבחון, הערכה וקביעת תוכנית התערבות מקצועית למטופל ביצוע טיפולים אישיים או קבוצתיים, בהתאם לצרכים הרפואיים של המטופלים הדרכת המטופל לתרגול עצמי התאמת אביזרי עזר למטופלים בהתאם לצורך מעקב אחר התקדמות המטופל, דיווח והתערבות השתתפות בישיבות צוות ודיונים הקשורים למטופלים השתתפות בישיבות צוות רב מקצועי והדרכות הצוות בנושאים מתחום הפיזיותרפיה השתתפות בעריכת מחקרים ובהדרכת סטודנטים מהחוגים לפיזיותרפיה השתתפות בפעילויות לחינוך וקידום בריאות של מטופלים, כגון סדנאות והרצאות דרישות התפקיד : תואר ראשון בפיזיותרפיה תעודת עיסוק בפיזיותרפיה מטעם משרד הבריאות שליטה בשפה העברית ידיעת השפה האנגלית כדי קריאת ספרות מקצועית יחסי אנוש טובים ויכולת עבודה בצוות *תינתן עדיפות למועמדים/ות עם מוגבלויות"
פיזיותרפיסט/ית להתפתחות הילד,מחוז דן פתח תקווה,"אור יהודה, פ""ת, בני ברק, הוד השרון",2025-01-14,https://jobs.clalitapps.co.il/clalit/redmatch-apply/redmatch.apply.html?compPositionID=47018,פיזיותרפיה,,"תיאור התפקיד: ביצוע בדיקה והערכה התפתחותית לילדים במכונים להתפתחות הילד קביעת תוכניות הטיפול, ביצוע הטיפול ועריכת עדכונים והתאמות ביצוע טיפולים אישיים או קבוצתיים, בהתאם לצרכים הרפואיים של הילדים הדרכת הילד ומשפחתו לתרגול עצמי מעקב אחר התקדמות הילד, דיווח והתערבות השתתפות בישיבות הצוות ובדיונים הקשורים לילדים השתתפות בישיבות צוות רב מקצועי, והדרכות הצוות בנושאים מתחום הפיזיותרפיה התאמת אביזרי עזר לילדים בהתאם לצורך ייעוץ והדרכה להורי הילד וגורמים נוספים בנושאים הקשורים לטיפול הפיזיותרפיה השתתפות בעריכת מחקרים ובהדרכת סטודנטים מהחוגים לפיזיותרפיה השתתפות בפעילויות לחינוך וקידום בריאות של מטופלים, כגון סדנאות והרצאות דרישות התפקיד : תואר ראשון בפיזיותרפיה תעודת עיסוק בפיזיותרפיה, של משרד הבריאות שליטה בשפה העברית ידיעת השפה האנגלית כדי קריאת ספרות מקצועית יחסי אנוש טובים ויכולת עבודה בצוות *תינתן עדיפות למועמדים/ות עם מוגבלויות"
רופא/ה מומחה/ית רפואה יועצת SPECIALIST DOCTOR,מחוז דרום,דרום,2025-01-07,https://jobs.clalitapps.co.il/clalit/redmatch-apply/redmatch.apply.html?compPositionID=47001,רפואה,,"בוא/י להיות חלק מקהילת כללית מחוז דרום להיות שותפ/ה בעיצוב פני העתיד של רפואת הקהילה. אנו מציעים אפשרות להשתלב במרפאות שונות, תנאי שכר מותאמים אישית ומתגמלים, אופק מקצועי וניהולי למתאימים, בעוטף תמריצים ייעודים ואטרקטיביים. דרושים/ות רופאים/ות מומחים/ות במגוון תחומים: א.א.ג, עור, אורתופדיה, נשים, עיניים, ראומטולוגיה, אנדוקרינולוגיה, נויורולוגיה ילדים והתפתחות הילד, נוירולוגיה, פסיכיאטריה ילדים, רדיולוגיה, רפואה תעסוקתית אנו מציעים אפשרות להשתלב במרפאות שונות, במסלולי העסקה שונים, כשכיר/ה, עצמאי/ת, עבודה עיקרית או עבודה נוספת. אפשרות להשתלמויות בביה""ח של כללית בכל הארץ. תיאור התפקיד: ביצוע אבחונים, גיבוש תוכניות טיפול וטיפול במטופלים במרפאות מצוידות היטב ובמתאר קהילתי השתתפות בוועדות, בישיבות ובדיונים בנושאים מקצועיים שונים במרפאה ובמחוז העברת מידע רפואי, בכתב או בעל פה, על פי הצורך ובהתאם לדרישות ולנהלים קשרי עבודה עם גורמים שונים בקהילה ועם גורמי חוץ כגון: אקדמיה, בתי חולים ועוד ביצוע פעילות אקדמית של הדרכה ומחקר במסגרת הקהילה ומוסדות אקדמיים על פי הצורך השתלבות במערך הרפואה המחוזי על פי המקובל ובהתאם להסכמים ולצרכים התעדכנות מקצועית שוטפת באמצעות ספרות מקצועית, מקורות מידע מקוונים, כנסים, השתלמויות ועוד ביצוע מטלות נוספות בתחום המקצועי לפי הוראות הממונה דרישות התפקיד: תואר MD ברפואה רישיון ישראלי לעסוק ברפואה תעודת מומחיות באחד ממקצועות הרפואה ידע מקצועי נרחב ועדכני בתחום הפעילות המקצועית הכרת החוקים, התקנות והנהלים הרלוונטיים ידע בהפעלת מערכות מחשב רלוונטיות שליטה בשפה העברית, ושליטה באנגלית לפחות כדי קריאת ספרות מקצועית ידיעת שפה נוספת - יתרון מקצוענות אבחנתית וביצועית יכולת ניתוח ואינטגרציה תקשורת בין אישית טובה ושיתוף פעולה בצוות שירותיות, סבלנות ואמפתיה לזולת *תינתן עדיפות למועמדים/ות עם מוגבלויות"
רופא/ת מומחה/ית במשפחה וילדים למרפאות כללית במחוז דרום  FAMILY DOCTOR AND PEDIATRICIAN,מחוז דרום,ישובי מחוז דרום,2025-01-07,https://jobs.clalitapps.co.il/clalit/redmatch-apply/redmatch.apply.html?compPositionID=47000,רפואה,,"כללית, ארגון הבריאות הגדול במדינה מרחיב את שירותיו אנו מחפשים אותך! רופא/ה משפחה וילדים מומחה/ית עם שליחות תנאי שכר מותאמים אישית ומתגמלים אופק מקצועי וניהולי למתאימים הגדרת התפקיד: ביצוע אבחונים, גיבוש תוכניות טיפול וטיפול במטופלים במרפאה במסגרת רפואת המשפחה עידוד מעורבות פעילה של הורי המטופל בטיפול ובמעקב אחר הילד השתתפות בוועדות, בישיבות ובדיונים בנושאים מקצועיים שונים, במרפאה ובמחוז העברת מידע רפואי, בכתב או בעל פה, על פי הצורך ובהתאם לדרישות ולנהלים קשרי עבודה עם גורמים שונים בקהילה ועם גורמי חוץ כגון: אקדמיה, בתי חולים ועוד ביצוע פעילות אקדמית של הדרכה ומחקר במסגרת הקהילה ומוסדות אקדמיים על פי הצורך והמצאי השתלבות במערך הרפואה המחוזי על פי המקובל ובהתאם להסכמים ולצרכים התעדכנות מקצועית שוטפת באמצעות ספרות מקצועית, מקורות מידע מקוונים, כנסים, השתלמויות ועוד ביצוע מטלות נוספות בתחום המקצועי לפי הוראות הממונה דרישות התפקיד: תואר MD ברפואה רישיון ישראלי לעסוק ברפואה תעודה מוכרת של מומחיות ברפואת ילדים/ ברפואת משפחה ידע מקצועי נרחב ועדכני בתחום הפעילות המקצועית הכרת החוקים, התקנות והנהלים הרלוונטיים ידע בהפעלת מערכות מחשב רלוונטיות שליטה בשפה העברית, ושליטה באנגלית לפחות כדי קריאת ספרות מקצועית ידיעת שפה נוספת - יתרון מקצוענות אבחנתית וביצועית יכולת ניתוח ואינטגרציה תקשורת בין אישית טובה עם מטופלים ובני משפחותיהם שיתוף פעולה בצוות שירותיות, סבלנות ואמפתיה לזולת *תינתן עדיפות למועמדים/ות עם מוגבלויות"
"מרפא/ה בעיסוק במחוז דרום בתחומים: התפתחות הילד, פיזיקלי ובריאות הנפש",מחוז דרום,"נתיבות,אשקלון, שדרות, באר שבע, דימונה, ערד, קרית גת.",2025-01-07,https://jobs.clalitapps.co.il/clalit/redmatch-apply/redmatch.apply.html?compPositionID=46979,ריפוי בעיסוק,,"כללית מרחיבה את שירותיה ומזמינה אותך להצטרף לעבודה מעניינת ומאתגרת בצוות מקצועי גדול ואיכותי דרושים/ות מרפאים/ות בעיסוק בתחומים מגוונים כגון: התפתחות הילד, פיזיקלי ובריאות הנפש העבודה הינה בצוות רב מקצועי וכוללת הדרכה, השתתפות בפרויקטים ומחקרים, ימי עיון והשתלמויות אפשרות לשילוב תחומים. העבודה באזורים: אשקלון, אופקים, באר שבע, דימונה, ערד ושדרות. תיאור התפקיד: אבחון והערכה, קביעת תוכנית התערבות מקצועית, טיפול, ייעוץ והדרכה ייצוג המקצוע וייעוץ לגורמי טיפול נוספים - במסגרת צוות רב מקצועי או במסגרות אחרות בקהילה ובבתי החולים של כללית הכשרה ופיתוח מקצועי לצורך רכישת ידע ומיומנויות עדכניים השתתפות בישיבות צוות ובקבוצות ללמידת עמיתים אפשרות להשתתפות בקבוצות מחקר בריפוי בעיסוק ובמגוון תחומים ברפואה אפשרות להשתתפות בצוותים חוצי ארגון, העוסקים בפיתוח תכניות התערבות חדשניות דרישות התפקיד: תואר ראשון (לפחות) בריפוי בעיסוק תעודת מרפא/ה בעיסוק מטעם משרד הבריאות שליטה מלאה בעברית ושליטה באנגלית כדי קריאת ספרות מקצועית רלוונטית יחסי אנוש טובים יכולת עבודה בצוות יוזמה ופרו-אקטיביות ללמידה ולעשייה מקצועית *תינתן עדיפות למועמדים/ות עם מוגבלויות"
מנהל/ת בית מרקחת למרפאות קהילה במחוז דרום,מחוז דרום,"באר שבע, נתיבות, אשקלון",2025-01-07,https://jobs.clalitapps.co.il/clalit/redmatch-apply/redmatch.apply.html?compPositionID=46978,רוקחות,,"מחפש/ת את האתגר הניהולי הבא שלך? יש לנו מה להציע! כללית מזמינה אותך להוביל ולנהל בארגון הבריאות הגדול בארץ למרפאות במחוז דרושים/ות מנהלים/ות בתי מרקחת תיאור התפקיד: אחריות מקצועית וניהולית לאספקת שירותי רוקחות לצוות וללקוחות המרפאה אחריות לניהול מלאי התרופות והחומרים בבית המרקחת טיפול ספציפי בחומרים מיוחדים (נרקוטיקה, פסיכיטרופים) הדרכה, קליטה והערכת צוות הרוקחים בבית המרקחת ביצוע בקרה מקצועית ייעוץ מקצועי בנושאי תרופות לצוות, ללקוחות ולצוות הרפואי, התעדכנות מקצועית אישית חבר/ה בצוות המוביל של המרפאה ניהול קשרים מינהליים ומקצועיים של בית המרקחת עם גורמים בארגון ומחוץ לו דרישות התפקיד: תואר ראשון ברוקחות רשיון עיסוק ברוקחות ממשרד הבריאות ותק שנתיים כרוקח/ת - חובה ידע מקצועי נרחב ידיעת השפה העברית ידיעת השפה האנגלית כדי קריאת ספרות מקצועית יכולת עבודה בצוות יחסי אנוש טובים תודעת שירות גבוהה *תינתן עדיפות למועמדים/ות עם מוגבלויות"
סטאז'ר/ית לרוקחות,מחוז דרום,דרום,2025-01-07,https://jobs.clalitapps.co.il/clalit/redmatch-apply/redmatch.apply.html?compPositionID=46977,רוקחות,,"תיאור התפקיד: התמקצעות בעבודת הרוקחות בקהילה/בית החולים עבודה בצוות רב מקצועי דרישות התפקיד: סטודנטים/ות לרוקחות בארץ, לאחר השלמת חובותיהם/ן האקדמיות בוגרי/ות חו""ל שהופנו ע""י משרד הבריאות לביצוע ההתמחות *תינתן עדיפות למועמדים/ות עם מוגבלויות"
רוקח/ת – למרפאות קהילה במחוז דרום,מחוז דרום,"אשקלון, קרית גת, שדרות, באר שבע, נתיבות, אופקים",2025-01-07,https://jobs.clalitapps.co.il/clalit/redmatch-apply/redmatch.apply.html?compPositionID=46976,רוקחות,,"כללית מזמינה אותך לגדול איתנו ולפתח קרייריה בארגון הבריאות הגדול במדינה למרפאות במחוז דרושים/ות רוקחים/ות, בערים: אשקלון, קרית גת, שדרות, באר שבע, נתיבות, אופקים תיאור התפקיד: ניפוק תרופות על פי מרשמים הניתנים על ידי הרופאים גביית תשלום עבור תרופות ביצוע ייעוץ רוקחי בדלפק - שימוש בתרופות ללקוחות ביצוע הדרכה רוקחית בפגישה פרטנית עם לקוח ייעוץ ללקוחות בבחירת תרופות O.T.C והדרכתם לגבי השימוש בהן סיוע בארגון הלוגיסטי של בית המרקחת, אחסון וסידור התרופות, סידור מדפים חיצוניים, תמחור ומענה טלפוני היכרות ועמידה בדרישות משרד הבריאות בהתנהלות בבית המרקחת תיתכן החלפת הרוקח האחראי במטלות מרפאתיות כגון: ישיבות צוות או פרויקטים מרפאתיים אחרים השתתפות בפרויקטים שהמרפאה מובילה, בהתאם להחלטת הרוקח האחראי ביצוע מטלות נוספות בהתאם להנחיות הממונה דרישות התפקיד: השכלה אקדמית (תואר ראשון) ברוקחות רישיון עיסוק ברוקחות (משרד הבריאות) ידע מקצועי נרחב ידיעת השפה העברית על בורייה ידיעת השפה האנגלית כדי קריאת ספרות מקצועית יכולת עבודה בצוות יחסי אנוש טובים תודעת שירות *תינתן עדיפות למועמדים/ות עם מוגבלויות"
רוקח/ת קליני/ת – קהילה מחוז דרום,מחוז דרום,באר שבע,2025-01-07,https://jobs.clalitapps.co.il/clalit/redmatch-apply/redmatch.apply.html?compPositionID=46975,רוקחות,,"מחפש/ת תפקיד משמעותי עם אפשרות להוביל שינוי אמיתי? אנו מחפשים רוקח/ת קליני/ת מנוסה להצטרפות לצוות המוביל שלנו התפקיד משלב מקצועיות קלינית גבוהה הכוללת הובלת פרויקטים בתחום הבריאות הזדמנות להשתלב בארגון הבריאות המוביל בארץ ולהשפיע באופן ישיר על איכות הטיפול הרפואי עבודה עם מאגרי מידע, מקורות ידע ומסד נתונים לצרכי מחקר סביבת עבודה דינמית עם אפשרויות קידום ופיתוח מקצועי משרה מלאה תנאים מעולים למתאימים תיאור התפקיד: ייעוץ תרופתי לצוות מקצועי הערכת טיפול תרופתי והמלצות לטיוב השתתפות בוועדות מחוזיות הובלת פרויקטים מחוזיים הרצאות ובניית הכשרות לצוותים מקצועיים דרישות התפקיד: תואר ברוקחות ורישיון רוקח - חובה תואר מתקדם רוקחות קלינית Pharm.D. או M.Sc - חובה ניסיון קודם - ייתרון יכולת ביטוי בכתב ובע""פ יחסי אנוש טובים, ראש גדול, דייקנות והקפדה על איכות ביצוע יכולת השתלבות בצוות רב מקצועי ועבודה עצמאית יכולת התמודדות בסביבה של ריבוי משימות *תינתן עדיפות למועמדים/ות עם מוגבלויות"
פסיכולוג/ית מומחה/ית למרפאות בריאות הנפש וליחידות התפתחות הילד במחוז דרום,מחוז דרום,"באר שבע, רהט, דימונה, ערד, שדרות, נתיבות, קרית גת, אופקים",2025-01-07,https://jobs.clalitapps.co.il/clalit/redmatch-apply/redmatch.apply.html?compPositionID=46974,פסיכולוגיה,,"קריירה בריאה עם משמעות ושליחות מתחילה כאן! כחלק מצוות רב- מקצועי, דרוש/ה פסיכולוג/ית מתמחה, מומחה/ית או מדריך/ה קליני/ת למרפאות בריאות הנפש בישובים : באר שבע, רהט,דימונה, ערד, שדרות,קרית גת ליחידות התפתחות הילד בישובים : באר שבע, נתינות, דימונה, אופקים תיאור התפקיד: ביצוע ראיונות ואבחונים פסיכולוגיים וקביעת תכנית טיפולית ביצוע טיפולים פרטניים או קבוצתיים, הדרכות הורים או התערבויות במשבר השתתפות בישיבות צוות רב מקצועי, והצגת ההיבט המקצועי בתחומי האבחון והטיפול הפסיכולוגיים קשרים עם גורמים מקצועיים שונים בתוך ומחוץ לארגון ( צוות רפואי, מוסדות חינוך, גורמי רווחה) אפשרות לייזום ולהשתתפות במחקרים פסיכולוגיים השתתפות בימי עיון, בהשתלמויות מקצועיות ובהדרכת סטודנטים דרישות התפקיד : תואר שני לפחות בפסיכולוגיה רישום כפסיכולוג/ית מומחה/ית בפנקס הפסיכולוגים של משרד הבריאות יחסי אנוש טובים ויכולת עבודה בצוות *תינתן עדיפות למועמדים/ות עם מוגבלויות"
פיזיותרפיסט/ית למכוני הקהילה במחוז דרום,מחוז דרום,"באר שבע, אשקלון, דימונה, ערד, שדרות, נתיבות, אופקים",2025-01-07,https://jobs.clalitapps.co.il/clalit/redmatch-apply/redmatch.apply.html?compPositionID=46973,פיזיותרפיה,,"כללית מזמינה אותך לגדול איתנו למכוני הפיזיותרפיה ברחבי המחוז דרוש/ה פיזיותרפיסט/ית תיאור התפקיד: אבחון, הערכה וקביעת תכנית התערבות מקצועית למטופל ביצוע טיפולים אישיים או קבוצתיים, בהתאם לצרכים הרפואיים של המטופלים השתתפות בישיבות הצוות ובדיונים הקשורים למטופלים השתתפות בישיבות צוות רב מקצועי, והדרכות הצוות בנושאים מתחום הפיזיותרפיה השתתפות בעריכת מחקרים ובהדרכת סטודנטים מהחוגים לפיזיותרפיה השתתפות בפעילויות לחינוך וקידום בריאות של מטופלים, כגון סדנאות והרצאות דרישות התפקיד : תואר ראשון בפיזיותרפיה תעודת עיסוק בפיזיותרפיה, של משרד הבריאות יחסי אנוש טובים ויכולת עבודה בצוות למתאימים: גמישות בסידור העבודה גמישות בהיקף המשרה עבודה נוספת במסגרת ביקורי בית בהתאם למקצועיות וע""פ צרכי הכללית חניכה וליווי מקצועי תנאים סוציאליים ותנאי שכר מהטובים במשק אפשרות לתחילת העסקה מיד עם קבלת אישור זכאות לתואר ולפני המבחן הממשלתי *מכוני המחוז בפריסה מקו אשקלון - ק גת ועד הערבה."
רופא/ה מומחה/ית ברנטגן,מרכז רפואי קפלן,רחובות,2025-01-06,https://jobs.clalitapps.co.il/clalit/redmatch-apply/redmatch.apply.html?compPositionID=46402,רפואה,,"אנו מרחיבים את מערך הדימות דרושים/ות רופאים/ות מומחים בתחומים הבאים: דימות ילדים- Children's images אולטרה-סאונד- Ultrasound Body imaging דימות שד - Demon images דימות מערכת העצבים - Neuroimaging העבודה במכון משולבת בביצוע פעולות פולשניות (תחת CT או אולטרה סאונד), פעילות קצ""ת ענפה ובהוראה (למתמחים ולסטודנטים) דרישות התפקיד: תואר MD ברפואה רשיון ישראלי לעסוק ברפואה אישור תואר מומחה/ית ברפואה רלבנטית לתחום העיסוק מטעם משרד הבריאות תקשורת בין אישית ושיתוף פעולה בצוות *תינתן עדיפות למועמדים/ות עם מוגבלויות"
רוקח/ת,מרכז רפואי קפלן,רחובות,2025-01-06,https://jobs.clalitapps.co.il/clalit/redmatch-apply/redmatch.apply.html?compPositionID=46361,רוקחות,,"למרכז רפואי קפלן דרוש/ה רוקח/ת למערך הרוקחות ת יאור התפקיד: עבודה בדגש על היבטים קליניים של המטופלים. התמקצעות בתחומי התמחויות רוקחים (פגיה, אונקולוגיה, מחקרים). אפשרות לקידום אקדמאי (לימודי המשך ותארים מתקדמים). עבודת צוות ושיתופי פעולה רוחביים. שעות פעילות מערך שרותי הרוקחות : א'-ה', 8.00-16.00 דרישות התפקיד: תואר ראשון ברוקחות רישיון עיסוק ברוקחות (משרד הבריאות) ידיעת השפה העברית על בורייה ידיעת השפה האנגלית כדי קריאת ספרות מקצועית יחסי אנוש טובים להגשת מועמדות ניתן לשלוח קורות חיים למייל: YaelGo12@clalit.org.il *תינתן עדיפות למועמדים/ות עם מוגבלויות"
אחים/ות למרפאות קהילה במחוז דרום,מחוז דרום,"נתיבות, באר שבע, ערד, שדרות",2025-01-02,https://jobs.clalitapps.co.il/clalit/redmatch-apply/redmatch.apply.html?compPositionID=46968,אחים ואחיות,,"תיאור התפקיד: קבלת מטופלים למרפאה ותכנון הטיפול הסיעודי - אומדן, תכנון, ביצוע והערכה, לרבות הדרכה ואוריינטציה של המטופל ריכוז הטיפול תוך שיתוף גורמים מקצועיים רלוונטיים (רופא, עו""ס, דיאטנית, פיזיותרפיסט, ועוד), לרבות הדרכה והנחיית המטופלים ובני משפחותיהם מתן טיפול סיעודי בהתאם לצרכים ולהנחיות רפואיות: ביצוע בדיקות, מתן תרופות, התערבות סיעודית נדרשת על פי מצב המטופל סיוע לרופאים ויישום הוראות רפואיות: הכנת ציוד, מתן תרופות, סיוע ישיר בפעולות שונות לרבות הכנה והדרכת המטופל, הכנת הציוד, ניטור ודיווח תיעוד ודיווח בכתב ובעל פה על מטופלים והטיפול בהם ביצוע תחזוקה שוטפת של טכנולוגיות רפואיות ומתכלים במרפאה, כולל: זיהוי תקלות שונות, ניהול מלאי, טיפול בהתראות והפנייה לגורם המתאים תיאום הטיפול עם גורמים מקצועיים רלוונטיים מחוץ למרפאה (בית חולים או קהילה), כולל העברה ליחידה אחרת, דגימות למעבדה, בדיקות אחרות והדרכת החולה ובני משפחתו התעדכנות בידע, מיומנות וחידושים טכנולוגיים והעשרה מקצועית באמצעות: ספרות מקצועית, ימי עיון, השתלמויות, כנסים, מחקרים ועוד ביסוס הטיפול על ידע עדכני וחידושים טכנולוגיים דרישות התפקיד: השכלה באֲחָיוּת - בוגרי/ות בי""ס לאֲחָיוּת תואר ראשון באֲחָיוּת או בניהול מערכות בריאות רישוי עבודה כאח/ות מוסמך/ת (תעודת רישום) ידיעת השפה העברית, ידיעת אנגלית (כדי קריאת ספרות מקצועית) יחסי אנוש תקינים יכולות הדרכה עמידה בלחצים יכולת עבודה ושיתוף פעולה בצוות *תינתן עדיפות למועמדים/ות עם מוגבלויות"
מנהל/ת אדמיניסטרטיבי/ת למרפאות כללית במחוז דרום,מחוז דרום,"דימונה, מרכז ספיר, שגב שלום, באר שבע, רהט",2025-01-02,https://jobs.clalitapps.co.il/clalit/redmatch-apply/redmatch.apply.html?compPositionID=46964,מנהל ומטה,,"רוצה עבודה עם שליחות ונתינה? מחפש/ת את האתגר הניהולי הבא שלך? יש לנו מה להציע! כללית מזמינה אותך להוביל שינוי ולנהל בארגון הבריאות הגדול בארץ למרפאות כללית במחוז דרום דרושים/ות מנהלים/ות אדמיניסטרטיביים/ות תיאור התפקיד: אחריות ניהולית ומקצועית על הפעילויות האדמיניסטרטיביות והלוגיסטיות במרפאה שותפות בצוות המנהל של המרפאה - גיבוש תכניות עבודה, הנעה והטמעת תהליכים וכלים, ארגון משימות ומשאבים ועוד שותפות בהובלת המרפאה להשגת יעדים בתחומי השירות, האיכות הרפואית, גיוס לקוחות, שיווק שירותים ועוד ניהול צוות אדמיניסטרטיבי של המרפאה - קליטת עובדים, הכשרה ופיתוח, סידורי עבודה, דיווחי שכר, הערכה ומשוב ניהול השירות במרפאה - ניהול תורים ושירותים אדמיניסטרטיביים, מתן מענה כולל לצרכי הלקוחות וטיפול בפניותיהם, ייזום, תכנון ויישום תכניות לשיפור איכות השירות ניהול תפעולי של המרפאה - אחריות על תחזוקת מבנה וציוד ניהול כספים - גביית כספים, תשלומי החזרים והוצאות, הפקדות, רישום ודיווח ממשקים וקשרי עבודה עם גורמים בארגון ומחוצה לו אחריות על נושאים נוספים כגון: הגנת מידע, בטיחות בעבודה, איכות סביבה, שעת חירום ועוד דרישות התפקיד: תואר ראשון בניהול מערכות בריאות/ מדעי החברה/ מדעי ההתנהגות/ מנהל ציבורי/ מנהל עסקים. עבודה בפיצולים- חובה ניסיון קודם בניהול ו/או בעולמות השירות והמכירה - יתרון ראייה רחבה ומערכתית, יכולת ניתוח והסקת מסקנות יכולת הנעת עובדים ותהליכים, יכולת ארגון ותפעול תודעת שירות גבוהה, יחסי אנוש טובים, שיתוף פעולה בצוות יכולת עבודה בתנאי לחץ ועומס יכולת עבודה בסביבה ממוחשבת שליטה בשפה העברית, שליטה בשפה נוספת - יתרון כושר הבעה בעל פה ובכתב *תינתן עדיפות למועמדים/ות עם מוגבלויות"
"רופאים/ות בהתמחויות שונות ברפואה יועצת - קהילה Physician - community, specialists in diff. fields, JLM",מחוז ירושלים,מחוז ירושלים,2025-01-02,https://jobs.clalitapps.co.il/clalit/redmatch-apply/redmatch.apply.html?compPositionID=46945,רפואה,,"תיאור התפקיד: הנגשת הרפואה היועצת למטופל במסגרת הקהילה ביצוע אבחונים, גיבוש תכניות טיפול, וטיפול במטופלים (לרבות פעולות פולשניות), במרפאות מצוידות היטב ובמתאר קהילתי השתתפות בוועדות, בישיבות ובדיונים בנושאים מקצועיים שונים, במרפאה ובמחוז העברת מידע רפואי, בכתב או בעל פה, על פי הצורך ובהתאם לדרישות ולנהלים קשרי עבודה עם גורמים שונים בקהילה, ועם גורמי חוץ, כגון אקדמיה, בתי חולים ועוד ביצוע פעילות אקדמית של הדרכה ומחקר במסגרת הקהילה ומוסדות אקדמיים על פי הצורך והמצאי השתלבות במערך הרפואה המחוזי, על פי המקובל ובהתאם להסכמים ולצרכים התעדכנות מקצועית שוטפת, באמצעות ספרות מקצועית, מקורות מידע מקוונים, כנסים, השתלמויות ועוד ביצוע מטלות נוספות בתחום המקצועי, לפי הוראות הממונה דרישות התפקיד: תואר MD ברפואה רישיון ישראלי לעסוק ברפואה תעודת מומחיות באחד ממקצועות הרפואה היועצת (נא לא להגיש מועמדות אם אינך רופא/ה מומחה/ית) ידע מקצועי נרחב ועדכני בתחום הפעילות המקצועית הכרת החוקים, התקנות והנהלים הרלוונטיים ידע בהפעלת מערכות מחשב רלוונטיות שליטה בשפה העברית, ושליטה באנגלית לפחות כדי קריאת ספרות מקצועית תקשורת בין אישית טובה ושיתוף פעולה בצוות שירותיות, סבלנות ואמפתיה לזולת *תינתן עדיפות למועמדים/ות עם מוגבלויות"
"רופא/ת משפחה/ילדים מומחה/ית  לירושלים, כולל בית שמש וההתיישבות Family Doctor, Jlm area including Beit Shemesh",מחוז ירושלים,"ירושלים, כולל בית שמש וההתישבות",2025-01-02,https://jobs.clalitapps.co.il/clalit/redmatch-apply/redmatch.apply.html?compPositionID=46946,רפואה,,"רופאות ורופאי המשפחה/ילדים מומחה בכללית מטפלים ומלווים את המטופלים ובני משפחותיהם, תוך דאגה לכלל צרכיהם הבריאותיים, מתוך ראיה כוללת, והתחשבות ברצונות הפרט ובתרבותו תיאור התפקיד: ביצוע אבחונים, גיבוש תכניות טיפול, וטיפול במטופלים במרפאה במסגרת רפואת המשפחה/ילדים השתתפות בוועדות, בישיבות ובדיונים בנושאים מקצועיים שונים, במרפאה ובמחוז העברת מידע רפואי, בכתב או בעל פה, על פי הצורך ובהתאם לדרישות ולנהלים קשרי עבודה עם גורמים שונים בקהילה, ועם גורמי חוץ, כגון אקדמיה, בתי חולים ועוד ביצוע פעילות אקדמית של הדרכה ומחקר במסגרת הקהילה ומוסדות אקדמיים על פי הצורך והמצאי השתלבות במערך הרפואה המחוזי, על פי המקובל ובהתאם להסכמים ולצרכים התעדכנות מקצועית שוטפת, באמצעות ספרות מקצועית, מקורות מידע מקוונים, כנסים, השתלמויות ועוד ביצוע מטלות נוספות בתחום המקצועי, לפי הוראות הממונה דרישות התפקיד: תואר MD ברפואה בעל/ת תעודת מומחה/ית (נא לא להגיש מועמדות אם אינך רופא/ה מומחה/ית או בשלב מתקדם בהתמחות) רישיון ישראלי לעסוק ברפואה ידע מקצועי נרחב ועדכני בתחום הפעילות המקצועית הכרת החוקים, התקנות והנהלים הרלוונטיים ידע בהפעלת מערכות מחשב רלוונטיות שליטה בשפה העברית, ושליטה באנגלית לפחות כדי קריאת ספרות מקצועית תקשורת בין אישית טובה ושיתוף פעולה בצוות שירותיות, סבלנות ואמפתיה לזולת *תינתן עדיפות למועמדים/ות עם מוגבלויות"
"רופא/ת ילדים מומחה/ית - קהילה Pediatrician in the community, JLM area, inc. Beit Shemesh and settlements",מחוז ירושלים,"במחוז ירושלים, כולל בית שמש וההתישבות",2025-01-02,https://jobs.clalitapps.co.il/clalit/redmatch-apply/redmatch.apply.html?compPositionID=46947,רפואה,,"תיאור התפקיד: ביצוע אבחונים, גיבוש תכניות טיפול, וטיפול במטופלים במרפאה במסגרת רפואת המשפחה. עידוד מעורבות פעילה של הורי המטופל בטיפול ובמעקב אחרי הילד. השתתפות בוועדות, בישיבות ובדיונים בנושאים מקצועיים שונים, במרפאה ובמחוז. העברת מידע רפואי, בכתב או בעל פה, על פי הצורך ובהתאם לדרישות ולנהלים. קשרי עבודה עם גורמים שונים בקהילה, ועם גורמי חוץ, כגון אקדמיה, בתי חולים ועוד. ביצוע פעילות אקדמית של הדרכה ומחקר במסגרת הקהילה ומוסדות אקדמיים על פי הצורך והמצאי. השתלבות במערך הרפואה המחוזי, על פי המקובל ובהתאם להסכמים ולצרכים. התעדכנות מקצועית שוטפת, באמצעות ספרות מקצועית, מקורות מידע מקוונים, כנסים, השתלמויות ועוד. ביצוע מטלות נוספות בתחום המקצועי, לפי הוראות הממונה. דרישות התפקיד: תואר MD ברפואה רישיון ישראלי לעסוק ברפואה תעודה מוכרת של מומחיות ברפואת ילדים (נא לא להגיש מועמדות אם אינך רופא/ה מומחה/ית) ידע מקצועי נרחב ועדכני בתחום הפעילות המקצועית הכרת החוקים, התקנות והנהלים הרלוונטיים ידע בהפעלת מערכות מחשב רלוונטיות שליטה בשפה העברית, ושליטה באנגלית לפחות כדי קריאת ספרות מקצועית ידיעת שפה נוספת - יתרון מקצוענות אבחנתית וביצועית יכולת ניתוח ואינטגרציה תקשורת בין אישית טובה עם מטופלים ובני משפחותיהם שיתוף פעולה בצוות שירותיות, סבלנות ואמפתיה לזולת *תיתנן עדיפות למועמדים/ות עם מוגבלויות"
"רופא/ת ילדים מומחה/ית - בית""ר עלית Pediatrician in the Jlm area -  Beitar Illit",מחוז ירושלים,"בית""ר עלית",2025-01-02,https://jobs.clalitapps.co.il/clalit/redmatch-apply/redmatch.apply.html?compPositionID=46949,רפואה,,"תיאור התפקיד: ביצוע אבחונים, גיבוש תוכניות טיפול וטיפול במטופלים במרפאה במסגרת רפואת המשפחה עידוד מעורבות פעילה של הורי המטופל בטיפול ובמעקב אחר הילד השתתפות בוועדות, בישיבות ובדיונים בנושאים מקצועיים שונים במרפאה ובמחוז העברת מידע רפואי, בכתב או בעל פה, על פי הצורך ובהתאם לדרישות ולנהלים קשרי עבודה עם גורמים שונים בקהילה ועם גורמי חוץ כגון אקדמיה, בתי חולים ועוד ביצוע פעילות אקדמית של הדרכה ומחקר במסגרת הקהילה ומוסדות אקדמיים על פי הצורך והמצאי השתלבות במערך הרפואה המחוזי על פי המקובל ובהתאם להסכמים ולצרכים התעדכנות מקצועית שוטפת באמצעות ספרות מקצועית, מקורות מידע מקוונים, כנסים, השתלמויות ועוד ביצוע מטלות נוספות בתחום המקצועי לפי הוראות הממונה דרישות התפקיד: תואר MD ברפואה רישיון ישראלי לעסוק ברפואה תעודה מוכרת של מומחיות ברפואת ילדים (נא לא להגיש מועמדות אם אינך רופא/ה מומחה/ית) ידע מקצועי נרחב ועדכני בתחום הפעילות המקצועית הכרת החוקים, התקנות והנהלים הרלוונטיים ידע בהפעלת מערכות מחשב רלוונטיות שליטה בשפה העברית ושליטה באנגלית לפחות כדי קריאת ספרות מקצועית ידיעת שפה נוספת - יתרון מקצוענות אבחנתית וביצועית יכולת ניתוח ואינטגרציה תקשורת בין אישית טובה עם מטופלים ובני משפחותיהם שיתוף פעולה בצוות שירותיות, סבלנות ואמפתיה לזולת *תינתן עדיפות למועמדים/ות עם מוגבלויות"
רופאים/ות מומחים/יות בפסיכיאטריה Psychiatrists in Jerusalem,מחוז ירושלים,ירושלים והסביבה,2025-01-02,https://jobs.clalitapps.co.il/clalit/redmatch-apply/redmatch.apply.html?compPositionID=46950,רפואה,,"דרושים/ות רופאים/ות פסיכיאטרים/יות מומחים/יות במבוגרים ו/או בילדים ובנוער למגוון משרות במרפאות המחוז - להעסקה כרופאים/ות שכירים/ות או עצמאיים/ות , בהיקפי משרות מגוונים תיאור התפקיד: הנגשת הרפואה הפסיכיאטרית למטופלים מבוגרים, נוער וילדים במסגרת הקהילה ביצוע אבחונים, גיבוש תוכניות טיפול וטיפול במטופלים במרפאות מצוידות היטב ובמתאר קהילתי השתתפות בועדות, בישיבות ובדיונים בנושאים מקצועיים שונים, במרפאה ובמחוז העברת מידע רפואי, בכתב או בעל פה, על פי הצורך ובהתאם לדרישות ולנהלים קשרי עבודה עם גורמים שונים בקהילה ועם גורמי חוץ, כגון אקדמיה, בתי חולים ועוד ביצוע פעילות אקדמית של הדרכה ומחקר במסגרת הקהילה ומוסדות אקדמיים על פי הצורך והמצאי השתלבות במערך הרפואה המחוזי, על פי המקובל ובהתאם להסכמים ולצרכים התעדכנות מקצועית שוטפת, באמצעות ספרות מקצועית, מקורות מידע מקוונים, כנסים, השתלמויות ועוד ביצוע מטלות נוספות בתחום המקצועי, לפי הוראות הממונה דרישות התפקיד: תואר MD ברפואה רישיון ישראלי לעסוק ברפואה תעודת מומחיות פסיכיאטריה (נא לא להגיש מועמדות אם אינך רופא/ה מומחה/ית) ידע מקצועי נרחב ועדכני בתחום הפעילות המקצועית הכרת החוקים, התקנות והנהלים הרלוונטיים ידע בהפעלת מערכות מחשב רלוונטיות שליטה בשפה העברית, ושליטה באנגלית לפחות כדי קריאת ספרות מקצועית תקשורת בין אישית טובה ושיתוף פעולה בצוות תודעת שירות, סבלנות ואמפתיה לזולת *תינתן עדיפות למועמדים/ות עם מוגבלויות"
רופא/ה מומחה/ית בפסיכיאטריית ילדים - דובר/ת ערבית  Arab speaking child psychiatrist,מחוז ירושלים,ירושלים,2025-01-02,https://jobs.clalitapps.co.il/clalit/redmatch-apply/redmatch.apply.html?compPositionID=46952,רפואה,,"דרוש/ה רופא/ה מומחה/ית בפסיכיאטריית ילדים, דובר/ת ערבית, לעבודה בירושלים תנאים טובים למתאימים, גמישות בהעסקה דרישות התפקיד: השכלה אקדמית (תואר M.D ) ברפואה + מומחיות ברפואה תעסוקתית. רישיון ישראלי לעיסוק ברפואה (משרד הבריאות). תעודת מומחה/ית ברפואה פסיכיאטרית לילדים (משרד הבריאות). (נא לא להגיש מועמדות אם אינך רופא/ה מומחה/ית) ידיעה טובה של השפה הערבית והאנגלית (כדי קריאת ספרות מקצועית), וכן ידע בעברית לטובת שימוש במערכות המידע של הארגון יכולת בינאישית טובה: שיתוף פעולה בצוות, תקשורת בין אישית טובה, סבלנות ואמפתיה לזולת *תינתן עדיפות למועמדים/ות עם מוגבלויות"
מנהל/ת מרפאת בריאות הנפש ילדים ונוער Director of psychiatric clinic for children and adolescents,מחוז ירושלים,ירושלים,2025-01-02,https://jobs.clalitapps.co.il/clalit/redmatch-apply/redmatch.apply.html?compPositionID=46954,רפואה,,"מרפאה זו מספקת שירותי רפואה מתחומי הפסיכיאטריה , פסיכולוגיה, עבודה סוציאלית, ריפוי בעיסוק וטיפול בהבעה ויצירה במרפאה מוענקים מגוון טיפולים הוליסטיים, אבחון, טיפול קיים דגש על עבודת צוות וגיבוש צוות מוביל המרכז נותן מענה מקיף לילדים ולמשפחותיהם בסוגיות בריאות הנפש השונות , תוך הגברת זמינות ונגישות השירותים, ושמירה על הרצף התקין של חיי הילד ומשפחתו תיאור התפקיד : ניהול המרפאה לרבות ניהול משימות ויעדים אסטרטגיים תכנון יישום ומעקב אחר תוכנית עבודה השתתפות בדיונים מקצועיים וועדות במחוז/במנהלת ובמרפאה קידום קשרים עם גורמי קהילה (קשרי ייעוץ והיוועצות) ועם גורמים חיצוניים (אקדמיה, גורמי טיפול בבתי חולים ועוד) . ניהול המשאב האנושי במרפאה והובלת צוות דרישות התפקיד : תואר MD ברפואה רישיון ישראלי לעסוק ברפואה תעודה מוכרת של מומחיות ברפואה פסיכיאטרית לילדים ונוער ניסיון ניהולי ומקצועי עם עדיפות לרפואת קהילה ידע מקצועי נרחב ועדכני בתחום הפעילות המקצועית. הכרת החוקים, התקנות והנהלים הרלוונטיים שליטה בשפה העברית, ושליטה באנגלית לפחות כדי קריאת ספרות מקצועית ידיעת שפה נוספת - יתרון תקשורת בין אישית טובה עם מטופלים ובני משפחותיהם שיתוף פעולה בצוות תודעת שירות סבלנות ואמפתיה לזולת *תינתן עדיפות למועמדים/ות עם מוגבלויות"
מנהל/ת היחידה לאשפוז יום פסיכיאטרי Director of psychiatric ambulatory clinic,מחוז ירושלים,ירושלים,2025-01-02,https://jobs.clalitapps.co.il/clalit/redmatch-apply/redmatch.apply.html?compPositionID=46955,רפואה,,"דרוש/ה מנהל/ת יחידה לאשפוז יום פסיכיאטרי בירושלים היחידה לאשפוז יום פסיכיאטרי מספקת שירותי רפואה פסיכיאטרית למבוגרים ע""י צוותים של רופאים מומחים, פסיכולוגים, עובדים סוציאליים, מרפאים בעיסוק, אחיות, מטפלים בהבעה ויצירה תיאור התפקיד: ניהול היחידה לרבות ניהול משימות ויעדים אסטרטגיים תכנון יישום ומעקב אחר תוכנית עבודה השתתפות בדיונים מקצועיים וועדות במחוז/במנהלת ובמרפאה קידום קשרים עם גורמי קהילה (קשרי ייעוץ והיוועצות) ועם גורמים חיצוניים (אקדמיה, גורמי טיפול בבתי חולים ועוד) ניהול המשאב האנושי ביחידה והובלת צוות דרישות התפקיד : תואר MD ברפואה רישיון ישראלי לעסוק ברפואה תעודה מוכרת של מומחיות ברפואה פסיכיאטרית (נא לא להגיש מועמדות אם אינך רופא/ה מומחה/ית) ניסיון ניהולי ומקצועי בתחום רפואת בריאות הנפש בקהילה ידע וניסיון מקצועי נרחב ועדכני בתחום הפעילות המקצועית. הכרת החוקים, התקנות והנהלים הרלוונטיים שליטה בשפה העברית ושליטה באנגלית לפחות כדי קריאת ספרות מקצועית דיעת שפה נוספת - יתרון תקשורת בין אישית טובה עם מטופלים ובני משפחותיהם שיתוף פעולה בצוות תודעת שירות סבלנות ואמפתיה לזולת * תינתן עדיפות למועמדים/ות עם מוגבלויות"
פסיכיאטר/ית ליח' הבקרה Psychiatrist for the comptrol department,מחוז ירושלים,"בי""ח כפר שאול, ירושלים",2025-01-02,https://jobs.clalitapps.co.il/clalit/redmatch-apply/redmatch.apply.html?compPositionID=46956,רפואה,,"תיאור התפקיד: ניהול כוח האדם במוקד (אח, עו""ס ופקידה) : הדרכה מקצועית של הבקרים בחינת תפוקות, שיטות, היקפי עבודה וכד' קיום פגישות אישיות (אחת לשנה לפחות) מעקב אחר איכות ועמידה בלו""ז הגשות קיום ישיבות צוות בקרת אשפוזים רטרוספקטיבית במחלקות וכתיבת ביקורים וערעורים בגין אי הלימה קיום פגישות דרג א' עם בקרת ביה""ח: הכנה, דיון, סיכום ועדכון יחידת המטה ומעקב אחר יישום ההחלטות דרג ב' עם ביה""ח (מנהל רפואי של ביה""ח) : הכנת חומר והשתתפות בפגישות תכניות עבודה: הדרכה, מעקב ובקרה איש/ת קשר ישיר לכל עניין ודבר מול ביה""ח וקידום ממשקים ותהליכי עבודה משותפים גורם מייצג של המוקד אל מול יחידת המטה מיקום המשרה העיקרי בית החולים כפר שאול (יום בחודש בהדסה ויום בחודש בהרצוג) היקף המשרה כ - 90 שעות חודשיות, תיתכן גמישות בשעות וימי העבודה דרישות התפקיד: תואר ברפואה עם התמחות בפסיכיאטריה יכולת ארגון וסדר כישורים בינאישיים ויכולת עבודה בצוות ערנות לפרטים *תינתן עדיפות למועמדים/ות עם מוגבלויות"
עובד/ת אחזקה - מיזוג אוויר וקירור,מרכז רפואי קפלן,רחובות,2024-12-26,https://jobs.clalitapps.co.il/clalit/redmatch-apply/redmatch.apply.html?compPositionID=43121,אחזקה ולוגיסטיקה,,"דרוש/ה עובד/ת אחזקה - מיזוג אוויר וקירור לעבודה במשמרות, כולל סופי שבוע וחגים תיאור התפקיד: הפעלת מערכות מיזוג אויר של בית החולים באמצעים ידניים או באמצעות מערכת לניהול אנרגיה הפעלת חדרי קירור מקררים מסחריים מקררים רגילים ומקררים לטמפרטורות נמוכות מעורבות בפרויקטים חדשים, תיאום קשרים בין המערכות החדשות והקיימות דרישות התפקיד: הנדסאי/ת טכנאי/ת מיזוג אויר וקירור רישום בפנקס רשות ההסמכה להנדסאים וטכנאים רישיון חשמלאי/ת - יתרון ניסיון בהפעלת צוות עובדים ידע במערכות בקרה ושליטה מרחוק ידע בקריאת סכימות ותוכניות צנרת, תכניות תעלות ותכניות חשמל ופיקוד של מערכות מיזוג אויר וקירור שליטה מלאה בעברית כולל כתיבה והגשת דיווח טכני ידיעת השפה האנגלית לקריאת חומר טכני יכולת לעבוד בשיתוף פעולה ועבודת צוות *תינתן עדיפות למועמדים/ות עם מוגבלויות"
עובד/ת מעבדה - מרכז/ת תחום,מרכז רפואי קפלן,רחובות,2024-12-19,https://jobs.clalitapps.co.il/clalit/redmatch-apply/redmatch.apply.html?compPositionID=46712,מעבדות רפואיות,,"דרוש/ה עובד/ת מעבדה - מרכז/ת תחום הבטחת איכות במעבדה רפואית התפקיד בכפוף ובסיוע למנהל המעבדה בביצוע תפקידיו המקצועיים, הניהוליים והמנהליים בתחום האיכות בבנק הדם עבודה מאתגרת ומשמעותית בסביבה דינמית תוך שילוב טיפול בדגימות קליניות וניהול תהליכים בכפיפות למנהלת הבטחת איכות במערך המעבדות עבודה עם חשיבות רבה במענה למטופלים בבית החולים תוך דרישה ליישום החלטות מעבדה בזמן אמת תיאור התפקיד: עבודה מן המניין במעבדה בהתאם להרשאות המקצועיות ובנוסף עוזר/ת למנהל המעבדה ליישום מכלול נושאי הבטחת האיכות במעבדה, לרבות: הפעלת מערכת הבטחת האיכות כפי שמתוארת בנהלי הארגון, המוסד, מערך המעבדות והמעבדה הפעלה ו/או בקרת ביצועי מערכת בקרת איכות פנימית וחיצונית העומדת בדרישות מקצועיות ובדרישות התקנים השונים דרישות התפקיד: השכלה אקדמית: תואר ראשון או שני במדעי החיים/מדעי הרפואה/תארים מוכרים לפי תקנות משרד הבריאות תעודת הכרה במעמד של משרד הבריאות הכשרה והתמחות בתחום הבטחת איכות במעבדות ניסון בעבודה בתחום הבטחת איכות - לפחות שנתיים ניסיון קודם בתחום בנקאות דם - יתרון נכונות לעבודה נוספת בתורנויות עפ""י צרכי המעבדה וזמינות בכוננויות בשעת הצורך ידיעת השפה העברית על בורייה בכתב ובע""פ וידיעת השפה האנגלית * תינתן עדיפות למועמדים/ות עם מוגבלויות"
פקיד/ת מרפאה במבשרת ציון,מחוז ירושלים,"מבשרת ציון, ליד ירושלים",2024-12-18,https://jobs.clalitapps.co.il/clalit/redmatch-apply/redmatch.apply.html?compPositionID=46862,מנהל ומטה,,"דרוש/ה פקיד/ה למרפאה במבשרת ציון (ליד ירושלים) תיאור התפקיד: מתן שירות פרונטלי וטלפוני ללקוחות המרפאה בנושאים אדמיניסטרטיביים קביעת תורים לרפואה ראשונית ויועצת והכוונת הלקוחות לשירותים הרפואיים המתאימים מתן מידע על זכויות המגיעות ללקוחות בהתאם לסל השירותים טיפול בנושאי גבייה והחזרים כספיים ללקוחות המרפאה מתן שירות אדמיניסטרטיבי לגורמים במרפאה: רופאים, אחיות, רוקחים, ובעלי מקצוע נוספים היקף משרה חלקי (20-30 ש""ש, כלומר 50-75% משרה) מועמדים מתאימים יעברו תהליך מיון הכולל ראיונות, מבחני מחשב ומרכז הערכה דרישות התפקיד: תעודת בגרות מלאה - חובה. ניסיון בתפקידי שירות ומכירה - יתרון. תודעת שירות גבוהה. יחסי אנוש טובים, שיתוף פעולה בצוות. יכולת עבודה בסביבה ממוחשבת ובתנאי לחץ ועומס. *תינתן עדיפות למועמדים/ות עם מוגבלויות"
מתמחה בפסיכולוגיה קלינית,מרכז רפואי קפלן,רחובות,2024-12-08,https://jobs.clalitapps.co.il/clalit/redmatch-apply/redmatch.apply.html?compPositionID=46794,פסיכולוגיה,,"דרוש/ה מתמחה בפסיכולוגיה קלינית השירות הפסיכולוגי במרכז הרפואי קפלן מרחיב את שורותיו ואת תוכנית ההתמחות הקלינית במרפאה לבריאות הנפש-מבוגרים תיאור התפקיד: עבודה קלינית עשירה ומגוונת בצוות רב מקצועי הזדמנות להתנסות מגוונת בשירות ייחודי וותיק המאפשר מפגש בין התחום הקליני והרפואי אפשרות לצמיחה ולהתפתחות אישית ולתרומה לפסיכולוגיה הציבורית התנסות בטיפולים ברחבי המרכז הרפואי בתחומים שונים כגון: מרפאת נשים ובמענה פסיכולוגי לצוותים הרפואיים אפשרות לטפל במרפאת בריאות הנפש - ילדים ונוע השתתפות בסמינרים קליניים נרחבים ועשירים באוריינטציה דינמית ומעמיקה למידה של שיטות טיפול שונות כגון: ACT, סכמה, תרפיה וטיפול ייעודי בטראומה קבוצת הכנה לבחינת ההתמחות אפשרות להמשך התמחות אישפוזית במרכז הרפואי והשלמה להתמחות מלאה ביצוע פעילות מקצועית של אבחון וטיפול בתחום ההתמחות כפי שנדרש מפסיכולוג/ית דרישות התפקיד: השכלה אקדמית (תואר שני) בפסיכולוגיה ידיעת השפה העברית על בורייה ידיעת השפה האנגלית כושר הבעה בכתב ובע""פ יחסי עבודה ויחסי אנוש תקינים * לזכאים למלגת התמחות ממשרד הבריאות * שכר כמקובל בהסכם של כללית * ימי ההתמחות בימים ראשון ורביעי-חובה * תינתן עדיפות למועמדים/ות עם מוגבלויות"
סטאז'ר/ית ברוקחות,מחוז דן פתח תקווה,רמת גן/ גבעתיים/ בני ברק/ פתח תקווה/ ראש העין,2024-11-21,https://jobs.clalitapps.co.il/clalit/redmatch-apply/redmatch.apply.html?compPositionID=46738,רוקחות,,"תיאור התפקיד: התמקצעות בעבודת הרוקחות בקהילה/בית החולים עבודה בצוות רב מקצועי דרישות התפקיד: סטודנטים/ות לרוקחות בארץ, לאחר השלמת חובותיהם/ן האקדמיות בוגרי/ות חו""ל שהופנו ע""י משרד הבריאות לביצוע ההתמחות *תינתן עדיפות למועמדים/ות עם מוגבלויות"
סטאז'ר/ית רוקחות,מרכז רפואי אוניברסיטאי סורוקה,באר שבע,2024-11-21,https://jobs.clalitapps.co.il/clalit/redmatch-apply/redmatch.apply.html?compPositionID=46727,רוקחות,,"תיאור התפקיד: התמקצעות בעבודת הרוקחות בקהילה/בית חולים עבודה בצוות רב מקצועי דרישות התפקיד: סטודנטים/ות לרוקחות בארץ, לאחר השלמת חובותיהם/ן האקדמיות בוגרי/ות חו""ל שהופנו ע""י משרד הבריאות לביצוע ההתמחות *תינתן עדיפות למועמדים/ות עם מוגבליות"
פסיכולוג/ית קליני/ת או שיקומי/ת מומחה/ית,מחוז דן פתח תקווה,פתח תקווה,2024-11-21,https://jobs.clalitapps.co.il/clalit/redmatch-apply/redmatch.apply.html?compPositionID=46713,פסיכולוגיה,,"דרושים/ות פסיכולוג/ית קליני/ת או שיקומי/ת מומחה/ית למרפאת קשב תיאור התפקיד : ביצוע אינטייק, מתן אבחנה וקביעת תוכנית טיפולית ביצוע טיפולים פסיכולוגיים פרטניים וקבוצתיים השתתפות בישיבות צוות רב מקצועי והצגת ההיבט הפסיכולוגי המקצועי בתחומי האבחון והטיפול השתתפות בישיבות סקטוריאליות קשרים עם גורמים מקצועיים שונים בתוך ומחוץ לארגון על פי הצורך ( צוות רפואי, מוסדות חינוך, גורמי רווחה) אפשרות לייזום ולהשתתפות במחקרים פסיכולוגים השתתפות בימי עיון, בהשתלמויות מקצועיות ובהדרכת סטודנטים דרישות התפקיד : תואר שני לפחות בפסיכולוגיה קלינית או שיקומית רישום כפסיכולוג/ית מומחה/ית בפנקס הפסיכולוגים של משרד הבריאות יחסי אנוש טובים ויכולת עבודה בצוות * תינתן עדיפות למועמדים/ות עם מוגבלויות"
קלינאי/ת תקשורת בקהילה,מחוז דן פתח תקווה,"כפר קאסם, פ""ת, ר""ג, ראש העין",2024-11-21,https://jobs.clalitapps.co.il/clalit/redmatch-apply/redmatch.apply.html?compPositionID=46388,קלינאות תקשורת,,"דרוש/ה קלינאי/ת תקשורת למרפאות התפתחות הילד בקהילה תיאור התפקיד: ביצוע אבחון והערכה לנוער, לילדים ולתינוקות, בתחומי השמיעה, השפה, הדיבור והבליעה קביעת תוכנית טיפולית וטיפול בהתאם לממצאי ההערכה לקיחת חלק פעיל בעבודת צוות מקצועי ורב מקצועי השתתפות בימי עיון והשתלמויות, התעדכנות בחידושים מקצועיים אפשרות להשתתפות בפרויקטים ובמחקרים דרישות התפקיד : תואר ראשון בקלינאות תקשורת רשיון עיסוק במקצוע - תעודת הכרה במעמד של משרד הבריאות עברית וערבית ברמת שפת אם שליטה באנגלית כדי קריאת ספרות מקצועית כושר הבעה בכתב ובעל פה יכולת עבודה בסביבה ממוחשבת יחסי אנוש טובים ויכולת עבודה בצוות *תינתן עדיפות למועמדים/ות עם מוגבלויות"
פסיכיאטר ילדים / מבוגרים במרפאת קשב וריכוז בפתח תקווה child psychiatrist / psychiatrist,מחוז דן פתח תקווה,פתח תקווה,2024-11-17,https://jobs.clalitapps.co.il/clalit/redmatch-apply/redmatch.apply.html?compPositionID=46691,רפואה,,"למרפאת קשב וריכוז דרוש/ה פסיכיאטר/ית ילדים / מבוגרים בהיקף משרה של 50% תיאור התפקיד: ביצוע אבחונים, גיבוש תוכניות טיפול וטיפולים במסגרת תחום המומחיות השתתפות בישיבות ובדיונים בנושאים מקצועיים או למקרים פרטניים, השתתפות בוועדות שונות במחוז/מינהלת/מרפאה העברת מידע רפואי, בכתב או בעל פה, בהתאם לדרישות ולנהלים קשרי עבודה עם גורמים שונים בקהילה (ייעוץ והיוועצות) השתלבות במערך המחוז על פי המקובל ובהתאם להסכמים והצרכים קיום מפגשים עם מטופלים ובני משפחתם לאיסוף ומתן מידע ביצוע מטלות נוספות, בתחום המקצועי, לפי הוראות הממונה *תינתן עדיפות למועמדים/ות עם מוגבלויות דרישות התפקיד: השכלה אקדמאית (תואר M.D.) ברפואה. רישיון ישראלי לעסוק ברפואה. ידע מקצועי נרחב ועדכני בתחום הפעילות המקצועית (המומחיות). הכרת חוקים, תקנות ונהלים רלוונטיים ידע בהפעלת מערכות מחשב רלוונטיות ידיעה טובה של השפה העברית ידיעה טובה של השפה האנגלית (כדי קריאת ספרות מקצועית לפחות) רצויה ידיעה של שפות נוספות (דיבור) יכולת שיתוף פעולה בצוות תקשורת בין אישית טובה סבלנות ואמפתיה לזולת *תינתן עדיפות למועמדים/ות עם מוגבלויות"
עובד/ת מעבדה המטולוגיה,מעבדה מרכזית,"מעבדה המרכזית רמת החייל ת""א",2024-10-28,https://jobs.clalitapps.co.il/clalit/redmatch-apply/redmatch.apply.html?compPositionID=46646,מעבדות רפואיות,,"תיאור התפקיד: קליטת דגימות מהגורמים המפנים וביצוע הבדיקות הנדרשות הפעלת מערכות אבטחת איכות מתקדמות כחלק משגרת העבודה עיבוד נתוני הבדיקות והפצת תוצאותיהן לצוותים הרפואיים דרישות התפקיד: תואר ראשון - מדעי המעבדה הרפואית, ביוכימיה, ביוטכנולוגיה, גנטיקה, הנדסת ביוטכנולוגיה, חקלאות, כימיה, מדעי החיים, מדעי הרפואה, רוקחות, רפואה, רפואה וטרינרית, תזונה תעודת הכרה במעמד עובד מעבדה רפואית אקדמאי (רישיון עיסוק) מטעם משרד הבריאות ידיעת השפה העברית על בוריה ידיעת השפה האנגלית כדי קריאת ספרות מקצועית כושר ביטוי בכתב ובעל-פה יחסי אנוש טובים ויכולת עבודה בצוות *תינתן עדיפות למועמדים/ות עם מוגבלויות"
מזכיר/ה,מרכז רפואי מאיר,מרכז רפואי מאיר- כפר סבא,2024-10-15,https://jobs.clalitapps.co.il/clalit/redmatch-apply/redmatch.apply.html?compPositionID=46510,מנהל ומטה,,"דרוש/ה מזכיר/ה למערך האמבולטורי - משרה מלאה וזמנית, החלפה לחל""ד תיאור התפקיד: מענה טלפוני במרפאה לצד טיפול בנושא תורים במרפאה: זימון/ביטול/הזזה/מידע על תורים וכו' אחריות להכנת תיקי המוזמנים למרפאה טיפול בנושא האדמיניסטרציה של מטופלים המגיעים למרפאה סיוע למטופל בהשגת מסמכים והתחייבויות הנחוצים לקבלת טיפול אחריות על הפניית חייבים לתשלום לקופת המערך דיווח במערכת ממוחשבת על פעולות שבוצעו במרפאה והפקת דוחות אחריות על שליחת הודעות ומכתבים למטופל וליחידות אחרות אשר אליהם מופנה המטופל אחריות על תיוק/סריקת חומר רפואי ומנהלי לתיק המטופל אחריות על תקינות סביבת העבודה ביצוע מטלות משרדיות נוספות בהתאם לצורך והנחיית הממונה דרישות התפקיד: השכלה תיכונית מלאה (תעודת בגרות), רצוי תעודת מזכירות רפואית ידיעת השפה העברית על בוריה ושליטה חלקית בשפה האנגלית רצויה ידיעה של שפות זרות נוספות הכרת נהלים ותקנות (בתחומים הרלוונטיים) כושר ביטוי בע""פ ובכתב יחסי אנוש טובים תודעת שירות גבוהה *תינתן עדיפות למועמדים/ות עם מוגבלויות"
פסיכולוג/ית מתמחה,בית חולים הרצפלד – מרכז רפואי גריאטרי שיקומי,בית חולים הרצפלד גדרה,2024-09-16,https://jobs.clalitapps.co.il/clalit/redmatch-apply/redmatch.apply.html?compPositionID=46527,פסיכולוגיה,,"תיאור התפקיד: ביצוע ראיונות ואבחונים פסיכולוגיים וקביעת תוכנית טיפולית ביצוע טיפולים פרטניים, קבוצתיים, זוגיים ו/או משפחתיים השתתפות בישיבות צוות רב מקצועי והצגת ההיבט המקצועי בתחומי האבחון והטיפול הפסיכולוגיים קיום קשרים עם גורמים מקצועיים שונים בתוך ומחוץ לארגון ( צוות רפואי, מוסדות חינוך, גורמי רווחה) אפשרות לייזום ולהשתתפות במחקרים פסיכולוגיים השתתפות בימי עיון ובהשתלמויות מקצועיות דרישות התפקיד : תואר שני לפחות בפסיכולוגיה רישום כפסיכולוג/ית בפנקס הפסיכולוגים של משרד הבריאות יחסי אנוש טובים ויכולת עבודה בצוות *זכאות למלגת התמחות של משרד הבריאות *תינתן עדיפות למועמדים/ות עם מוגבלויות"
פסיכולוג/ית קליני/ת מדריך/ה - פסיכולוג/ית ראשי/ת למרפאת בריאות הנפש,מחוז דן פתח תקווה,פתח תקווה,2024-07-28,https://jobs.clalitapps.co.il/clalit/redmatch-apply/redmatch.apply.html?compPositionID=46408,פסיכולוגיה,,"תיאור התפקיד: אחריות על התמחות קלינית כולל הדרכת מתמחים ומסתמכים להדרכה ניהול וריכוז תוכנית ההתמחות מבחינה מקצועית ועמידה בדרישות משרד הבריאות ייזום, תכנון והוצאה לפועל של תוכניות הדרכה, הכשרה מקצועית וסמינרים לצוות הפסיכולוגים בכל שלבי התפתחותם המקצועית ביצוע פעילות מקצועית של אבחון וטיפול בתחום ההתמחות, כפי שנדרש מפסיכולוג/ית מומחה/ית, כולל טיפול במקרים מסובכים הדורשים מומחיות מיוחדת קשרים ומגעים בנושאים מקצועיים ובתחומי ההדרכה בפרט, עם גורמים שונים שותפות בצוות הבכיר של הפסיכולוגים ביחידה, השתתפות בישיבות הצוות הרב מקצועי, הצגת ההיבט המקצועי בתחומי האבחון והטיפול הפסיכולוגיים מחקר, עדכון וחידוש של שיטות העבודה בתחום הפסיכולוגיה השתתפות בוועדות תחומיות ובין תחומיות שונות בתוך הארגון ומחוצה לו דרישות התפקיד : תואר שני לפחות בפסיכולוגיה רישום בפנקס הפסיכולוגים של משרד הבריאות כמומחה/ית וכמדריך/ה רישיון פסיכולוג/ית קליני/ת מדריך/ה - פסיכותרפיה ופסיכודיאגנוסטיקה ניסיון מקצועי קודם בטיפול, אבחון והדרכה ידע מקצועי עדכני בתחום המומחיות ובתחום ההדרכה יחסי אנוש טובים ויכולת עבודה בצוות *תינתן עדיפות למועמדים/ות עם מוגבלויות"
רופא/ה מומחה/ית בפסיכיאטריה  CHILD AND ADOLESCENT PSYCHIATRIST,מחוז דרום,מחוז דרום,2024-05-02,https://jobs.clalitapps.co.il/clalit/redmatch-apply/redmatch.apply.html?compPositionID=44867,רפואה,,"כללית ארגון הבריאות הגדול והמוביל בישראל מרחיב את שירותיו ומחפש אותך רופא/ה מומחה/ית בפסיכיאטריה ילדים או מבוגרים (מתמחה אחרי שלב א') לעבודה מגוונת, גמישה ומותאמת אישית במרפאות הקהילה תיאור התפקיד: סביבת עבודה חדשנית ומקצועית מכשור וטכנולוגיה מתקדמים אופק ניהולי ומקצועי למתאימים אפשרות למשרה משולבת עם המרכז הרפואי סורוקה השתלמויות בבי""ח של כללית תמיכה בלימודים והשתלמויות חדר מחקר בדרום אפשרות לעבודה כשכיר/ה, עצמאי/ת עבודה עיקרית או עבודה נוספת מתן מענקים ייעודיים למטופלים שיגיעו לעבוד עם אוכלוסיות העוטף , שדרות , אשקלון, אופקים ,שדרות דרישות התפקיד: תואר MD ברפואה רישיון ישראלי לעסוק ברפואה תעודת מומחיות בפסיכיאטריה ילדים אפשרות לעבודה נוספת לאחר עמידה בהצלחה בבחינה שלב א' ידע מקצועי נרחב ועדכני בתחום הפעילות המקצועית שליטה בשפה העברית, ושליטה באנגלית לפחות כדי קריאת ספרות מקצועית מקצוענות אבחנתית וביצועית תקשורת בין אישית טובה ושיתוף פעולה בצוות שירותיות, סבלנות ואמפתיה לזולת *תינתן עדיפות למועמדים/ות עם מוגבלויות"
רופאים/ות מומחים/ות ברפואת ילדים,מרכז רפואי קפלן,רחובות,2024-03-18,https://jobs.clalitapps.co.il/clalit/redmatch-apply/redmatch.apply.html?compPositionID=44113,רפואה,,"מערך רפואת הילדים המתחדש במרכז הרפואי קפלן מרחיב פעילותו! דרושים/ות רופאים/ות מומחים/ות במגוון תחומי רפואת ילדים: מנהל/ת יחידה לרפואה דחופה ילדים- Director, Paediatric Emergency Medicine Unit מנהל/ת יחידה קרדיולוגיה ילדים- Director, Pediatric Cardiology Unit מנהל/ת יחידה נוירולוגיה ילדים- Director, Pediatric Neurology Unit רופאים/ות מומחים/ות באנדוקרינולוגיה ילדים- Pediatric Endocrinologist רופאים/ות מומחים/ות בנוירולוגיה והתפתחות הילד- Pediatric Neurologist דרישות סף: תואר MD ברפואה. רישיון ישראלי לעסוק ברפואה. ברפואת משפחה וילדים - עדיפות לבעלי/ות תעודת מומחיות מוכרת. תעודת מומחיות מוכרת בנאוטולוגיה. ידע מקצועי נרחב ועדכני בתחום הרלוונטי. הכרת החוקים, התקנות והנהלים הרלוונטיים לתחום העיסוק - לרופא/ה מומחה/ית. תקשורת בינאישית ושיתוף פעולה בצוות. שירותיות, סבלנות ואמפתיה לזולת. העבודה הקלינית במסגרת מחלקות האשפוז והמרפאות המקצועיות, משולבת בפעילות אקדמית ענפה, קידום מחקר והוראה, בצוות מולטידיסיפלינרי * תינתן עדיפות למועמדים/ות עם מוגבלויות"
רופא/ה מומחה/ית למרפאות התקומה באזור העוטף במחוז דרום- FAMILY DOCTOR AND PEDIATRICIAN,מחוז דרום,"שדרות,ישובי מועצה אזורית אשכול,שער הנגב,שדות נגב , חוף אשקלון",2024-02-28,https://jobs.clalitapps.co.il/clalit/redmatch-apply/redmatch.apply.html?compPositionID=44565,רפואה,,"רפואה עם משמעות ושליחות עם עתיד אם אתם רוצים לקום בבוקר לעבודה עם שליחות ומשמעות, זה הזמן להצטרף למרפאות התקומה בעיר שדרות, מועצה אזורית אשכול, שער הנגב, שדות נגב וחוף אשקלון מחכה לכם הזדמנות יוצאת דופן לשלב רפואה איכותית, עם תנאים מצוינים ומענק כספי מוגדל * בכפוף להיקף משרה, לאזור גיאוגרפי והתחייבות עד ל34 חודשים בהתאם למועד תחילת העבודה. למרפאות כללית בחבל התקומה דרושים רופאים מומחים: ברפואת ילדים, ברפואת משפחה, בבריאות הנפש ברפואה יועצת- נשים, עיניים, א.א.ג, אורתופדיה ועוד.. מה אנחנו מציעים: תנאי שכר אטרקטיביים מענק כספי מוגדל בגובה 420,000-600,000 ש""ח יציבות תעסוקתית ומעטפת קליטה משפחתית למעוניינים להעתיק מגורים דרומה תיאור התפקיד: ביצוע אבחונים, גיבוש תכניות טיפול וטיפול במטופלים במרפאה במסגרת רפואת המשפחה השתתפות בוועדות, בישיבות ובדיונים בנושאים מקצועיים שונים במרפאה ובמחוז העברת מידע רפואי, בכתב או בעל פה, על פי צורך ובהתאם לדרישות ולנהלים קשרי עבודה עם גורמים שונים בקהילה ועם גורמי חוץ, כגון אקדמיה, בתי חולים ועוד ביצוע פעילות אקדמית של הדרכה ומחקר במסגרת הקהילה ומוסדות אקדמיים על פי הצורך והמצאי השתלבות במערך הרפואה המחוזי על פי המקובל ובהתאם להסכמים ולצרכים התעדכנות מקצועית שוטפת באמצעות ספרות מקצועית, מקורות מידע מקוונים, כנסים, השתלמויות ועוד ביצוע מטלות נוספות בתחום המקצועי לפי הוראות הממונה דרישות התפקיד: תואר MD ברפואה רישיון ישראלי לעסוק ברפואה תעודה מוכרת של מומחיות באחד ממקצועות הרפואה ידע מקצועי נרחב ועדכני בתחום הפעילות המקצועית הכרת החוקים, התקנות והנהלים הרלוונטיים ידע בהפעלת מערכות מחשב רלוונטיות שליטה בשפה העברית ושליטה באנגלית לפחות כדי קריאת ספרות מקצועית ידיעת שפה נוספת - יתרון מקצוענות אבחנתית וביצועית יכולת ניתוח ואינטגרציה תקשורת בין אישית טובה ושיתוף פעולה בצוות שירותיות, סבלנות ואמפתיה לזולת *תינתן עדיפות למועמדים/ות עם מוגבלויות"
משנע/ת רפואי/ת,מרכז רפואי קפלן,רחובות,2024-02-13,https://jobs.clalitapps.co.il/clalit/redmatch-apply/redmatch.apply.html?compPositionID=44462,אחזקה ולוגיסטיקה,,"דרוש/ה סניטר/ית לעבודה במשמרות כולל סופי שבוע וחגים תיאור התפקיד: שינוע וליווי מטופלים לבדיקות וטיפולים בבית החולים שותפות בהיערכות בית החולים לאירוע שעת חירום שינוע נפטרים לפתולוגיה בהתאם לנוהל סיוע במטלות טיפוליות, שינוע בדיקות וציוד רפואי, שינוע וליווי מטופלים למוסדות אחרים בהתאם להנחיה רפואית, שינוע ציוד משקי ותרופות במשמרות ערב ולילה בלבד ממחלקה למחלקה או מהמחסנים, סיוע לצוות הרפואי בניוד מטופלים מורכבים במחלקות האשפוז, מכונים, חדרי מיון ומרפאות דרישות התפקיד: 10 שנות לימוד יחסי עבודה ותודעת שירות גבוהה כשירות תעסוקתית לתפקיד קריאה וכתיבת השפה העברית ברמה התואמת את לתפקיד ידע בסיסי בהפעלת מחשב *תינתן עדיפות למועמדים/ות עם מוגבלויות"
רופא/ה מתמחה באנדוקרינולוגיה,מרכז רפואי קפלן,רחובות,2024-01-28,https://jobs.clalitapps.co.il/clalit/redmatch-apply/redmatch.apply.html?compPositionID=44006,רפואה,,דרוש/ה רופא/ה מתמחה באנדוקרינולוגיה להתמחות בחצי משרה/משרה מלאה נדרשת התמחות בסיסית ברפואה פנימית למתאימים/ות יוצע שילוב כבכיר/ה בפנימית במרכז הרפואי או במרפאות בקהילה *תינתן עדיפות למועמדים/ות עם מוגבלויות
עובד/ת מעבדת בנק הדם,מרכז רפואי קפלן,רחובות,2024-01-28,https://jobs.clalitapps.co.il/clalit/redmatch-apply/redmatch.apply.html?compPositionID=44093,מעבדות רפואיות,,"עובד/ת מעבדת בנק הדם במשרה מלאה עם אפשרות לתורנויות. העבודה במשמרות כולל סופי שבוע. תיאור התפקיד: אחריות לקליטת, מיון וביצוע בדיקות סוג דם, סקר נוגדנים ופיענוח תוצאות במעבדת בנק הדם. אחריות לביצוע עיבוד והתאמת מוצרי דם למטופלים. אחריות לעבודה עפ""י נהלי ISO, אקרדיטציה ונהלי משרד הבריאות שנקבעו. דרישות התפקיד: תואר ראשון/שני במעבדנות רפואית או במדעי החיים או תואר דומה רישיון זמני/קבוע להכרה במעמד של עובד מעבדה רפואית אקדמאי ניסיון במעבדת בנק הדם - יתרון קרבה למקום עבודה - יתרון יכולת לבצע מספר משימות במקביל ולתעדף משימות דחופות יכולת השתלבות בצוות עובדים נכונות לעבודה לטווח ארוך נכונות לעבודה בתורנויות מעבר להיקף של משרה מלאה ניסיון בתחום אפרזיס/איסוף תאי אב - יתרון. * תינתן עדיפות למועמדים/ות עם מוגבלויות"
מנהל/ת מעבדת מחקר,מרכז רפואי קפלן,רחובות,2023-12-27,https://jobs.clalitapps.co.il/clalit/redmatch-apply/redmatch.apply.html?compPositionID=43646,מעבדות רפואיות,,למעבדת מחקר לחקר הלב ומלנומה דרוש/ה מנהלת מעבדה לעבודה במשרה מלאה תיאור התפקיד: ביצוע ניסויים ניהול תקציבי מחקר השתתפות בכתיבת גרנטים ומאמרים דרישות התפקיד: תואר שלישי בביולוגיה (לאחר פוסט - יתרון) ניסיון בעבודה עם תרביות תאים ובביולוגיה מולקולרית עבודה עם בעלי חיים - ניסיון קודם יתרון אך לא חובה שליטה גבוהה בעברית ובאנגלית יכולת עבודה בצוות ובאופן עצמאי כושר יוזמה וארגון *תינתן עדיפות למועמדים/ות עם מוגבלויות
פסיכולוג/ית אחראי/ת,מרכז רפואי קפלן,רחובות,2023-12-03,https://jobs.clalitapps.co.il/clalit/redmatch-apply/redmatch.apply.html?compPositionID=43773,פסיכולוגיה,,"תיאור התפקיד : ניהול פעילות צוות פסיכולוגים - תכנון עבודה, חלוקת משימות, הנחייה והפעלה שוטפות, סיוע מקצועי ובקרת ביצוע ייזום, תכנון, ארגון, תיאום וביצוע פעילויות שונות של הדרכה והכשרת צוות העובדים ושל מחקר ופיתוח ניהול העובדים ביחידה בתיאום עם מנהל משאבי אנוש (מיון וקליטה, שיבוץ וויסות, הכשרה והערכה) ביצוע פעילות מינהלית הכרוכה בהפעלת תחום האחריות - תקשורת, תכתובת, ישיבות מינהליות, וכד' ביצוע באופ אישי פעילות מקצועית של אבחון או טיפול וטיפול במקרים מסובכים הדורשים מומחיות מיוחדת קשרים ומגעים בנושאים מקצועיים עם גורמים שונים במוסד, בארגון, בקהילה ובמוסדות אקדמיים השתתפות בישיבות צוות רב מקצועי והצגת ההיבט המקצועי בתחום איבחון וטיפול הפסיכלוגים ייזום ואישור שינויים בשיטות העבודה בהתאם לצורך לניסיון המצטבר ולהתפתחויות במקצוע הפסיכולוגיה, כפוף לצרכים ועפ""י הנחיות המקצועיות של הפסיכולוגית הארצית דרישות התפקיד: השכלה אקדמית (תואר שני) בפסיכולוגיה + תואר מומחה/ית - הדרכה באחת ההתמחויות המוכרות רצוי - תואר שלישי (במעמד המקצועי כנ""ל) רישום בפנקס הפסיכולוגים (משרד הבריאות) ובפנקס ההתמחויות (משרד הבריאות) נסיון כמדריך/ה באחת ההתמחויות המוכרות: בפסיכולוגיה קלינית (פסיכותרפיה ופסיכודיאגנוסטיקה), התפתחותית, רפואית או שיקומית, לפי ההתמחות העיקרית של בית החולים ניסיון מקצועי וניהולי בתחום של 7 שנים לפחות ידע מקצועי עדכני בתחומי האחריות ידיעת השפה העברית על בורייה שליטה בשפה האנגלית כדי קריאת ספרות מקצועית כושר ניהול כושר הדרכה יחסי אנוש טובים יכולת הבעה בע""פ ובכתב * תינתן עדיפות למועמדים/ות עם מוגבלויות"
פסיכולוג/ית קליני/ת להדרכה,מרכז רפואי קפלן,רחובות,2023-12-03,https://jobs.clalitapps.co.il/clalit/redmatch-apply/redmatch.apply.html?compPositionID=43686,פסיכולוגיה,,"למרכז רפואי קפלן דרוש/ה פסיכולוג/ית התפתחותי/ת להדרכה במכון להתפתחות הילד. (מדריכ/ה במשרה חלקית או הסמכה להדרכה ב-50% משרה) תיאור התפקיד: הזדמנות להתנסות מגוונת בשירות ייחודי וותיק המאפשר מפגש בין התחום הקליני, הרפואי וההתפתחותי. אפשרות לצמיחה ולהתפתחות אישית ולתרומה לפסיכולוגיה הציבורית. הדרכת פסיכולוגים בתחום ההתמחות בכל שלבי התפתחותם המקצועית בהתאם לתכנית עבודה של הפסיכולוג הראשי בבית חולים. יייזום, תכנון, אירגון וביצוע פעילויות שונות של הדרכה הכשרה וסמינרים לצוות הפסיכולוגים על פי הנחיות הפסיכולוג הראשי. השתתפות בפעילויות סקטור הפסיכולוגים הקשורים בהדרכה. ביצוע פעילות מקצועית של אבחון וטיפול בתחום ההתמחות כפי שנדרש מפסיכולוג. מומחה/ית על כל היבטיו וטיפול במקרים מסובכים הדורשים מומחיות מיוחדת. במידת הצורך ועל פי בקשת הפסיכולוג הראשי בבית חולים קיום קשרים ומגעים בנושאים מקצועיים, של הדרכה בפרט עם גורמים שונים במוסד, בארגון , בקהילה ובמוסדות אקדמיים. השתתפות בישיבות צוות רב מקצועי והצגת ההיבט המקצועי בתחום איבחון וטיפול הפסיכולוגים בתחום ההתמחות. ייזום, חקר ועדכון שינויים וחידושים בשיטות העבודה בהתאם לצורך לניסיון המצטבר ולהתפתחויות במקצוע הפסיכולוגיה בתחום ההתמחות כפוף לצרכי בית החולים ועפ""י הנחיות המקצועיות של הפסיכולוג הראשי בבית החולים. השתתפות בועדות מקצועיות בבית החולים ומחוצה לו בתחומים הקשורים במקצוע הפסיכולוגיה. השתתפות בועדות עבודה בבית החולים בהם נדרשת נוכחות פסיכולוג. דרישות התפקיד: השכלה אקדמית (תואר שני) בפסיכולוגיה. רישום בפנקס הפסיכולוגים של משרד הבריאות כמומחה/ים בתחום ההתמחות. פסיכולוג/ית מדריך/ה או מי שיכול/ה להתחיל תהליך הסמכה להדרכה. ידע מקצועי עדכני בתחום ההתמחות ובתחום הדרכה. כושר הדרכה. ידיעת השפה העברית על בורייה. ידיעת השפה האנגלית. כושר הבעה בכתב ובע""פ. יחסי עבודה ויחסי אנוש תקינים. * תינתן עדיפות למועמדים/ות עם מוגבלויות."
דימותן/ית מוסמך/ת,מרכז רפואי קפלן,רחובות,2023-11-27,https://jobs.clalitapps.co.il/clalit/redmatch-apply/redmatch.apply.html?compPositionID=43896,רנטגן ודימות רפואית,,"תיאור התפקיד: ביצוע פעולות בתחום טכנולוגיות האבחון והטיפול בדימות רפואית שיתוף פעולה עם רדיולוגים להערכת תמונות וקביעת התאמה למטרות אבחון ניתוח ודיווח על תוצאות לרופאים והבטחת ביצוע הליכי חירום ביצוע מגוון בדיקות רנטגן למטופלים להפקת תמונות באיכות גבוהה שמירה על קשר עם מטופלים במהלך ההמתנה, הבדיקה והשהות שלאחר הבדיקה במחלקה סיוע בבדיקות רדיולוגיות מורכבות הפעלת מכונות הכוללות: צילומי רנטגן, CT , MRI וניידות שיקוף שמירה על אמצעי ותקנות בטיחות קרינה מוקפדים ושמרה על בטיחות המטופל והמטפל דאגה לשמירה על סטנדרט גבוה של טיפול בחולים בכל עת דרישות התפקיד: תואר ראשון בלימודי רנטגנאות והדמייה - בוגר/ת בי""ס לרנטגן הכרת השימוש במערכות מידע ממוחשבות ידיעת השפה העברית על בורייה ואנגלית כדי קריאת חומר מקצועי ידע במיגוון העבודה בתחום יחסי אנוש טובים *תינתן עדיפות למועמדים/ות עם מוגבלויות"
מתאם/ת מחקרים,מרכז רפואי קפלן,רחובות,2022-09-05,https://jobs.clalitapps.co.il/clalit/redmatch-apply/redmatch.apply.html?compPositionID=42996,טכנולוגיות רפואיות,,"למרכז רפואי קפלן דרוש\ה מתאם\ת מחקר למחקרים קליניים לעבודה במשרה חלקית/מלאה תיאור התפקיד: אחריות לביצוע המחקר על פי הפרוטוקול תוך שמירה על חסיון רפואי של המטופלים אחריות על הגשת המחקרים לוועדת הלסינקי כולל עידכונים ודווחי בטיחות עבודה רציפה מול מטופלים, רופאים וגורמים חיצוניים שימוש בבסיסי נתונים ורשומות רפואיות ממוחשבות דרישות התפקיד: תעודת GCP תואר ראשון במדעי החיים או בתחום פארה רפואי אחר . עברית ואנגלית ברמה גבוהה יכולת אירגונית וניהול זמן יחסי אנוש מעולים שליטה במיומנויות מחשב נסיון קודם במחקרים קליניים - יתרון יכולת לבצע בדיקות דם - יתרון"
מתאם/ת מחקרים,מרכז רפואי קפלן,רחובות,2022-02-27,https://jobs.clalitapps.co.il/clalit/redmatch-apply/redmatch.apply.html?compPositionID=41952,מנהל ומטה,,"דרוש\ה מתאם\ת מחקר למחקרים קליניים במרכז רפואי קפלן תיאור תפקיד: אחריות לביצוע המחקר על פי הפרוטוקול תוך שמירה על חסיון רפואי של המטופלים אחריות על הגשת המחקר לוועדת הלסינקי (כולל עידכונים ודווחי בטיחות) עבודה רציפה מול מטופלים, רופאים וגורמים חיצוניים כגון: CRO , חברות תרופות\מיכשור רפואי מקומיות ובינלאומיות, חברות הזנק ועוד ע""מ להבטיח התנהלות נאותה של המחקר ושיתוף פעולה בין כל הגורמים שימוש בבסיסי הנתונים של הרשומות הרפואיות הממוחשבות והעברת הנתונים הדרושים לתיקי המחקר בהתאם לפרוטוקול ולדרישות הרגולטוריות המקובלות דרישות התפקיד: תעודת GCP - חובה תואר ראשון B.Sc במדעי החיים או בתחום פארה רפואי אחר - חובה . עברית ואנגלית ברמה גבוהה: קריאה וכתיבה - חובה יכולת אירגונית וניהול זמן - חובה יחסי אנוש מעולים- חובה נסיון קודם במחקרים קליניים (תרופות ו\או מיכשור רפואי) עם חברות - יתרון יכולת לבצע בדיקות דם - יתרון שליטה במיומנויות מחשב- חובה * העבודה בחצי משרה עם אפשרות למשרה מלאה בעתיד"
